Filename,CommonName,ClassID,Phylum,Class,Order,Family,Genus,Species,Confidence,BBox_ymin_xmin_ymax_xmax
crop_0_IMAG0063.JPG,blank,7,Chordata,,,,,,0.9775,"[0.3117, 0.0427, 0.6818, 0.9487]"
crop_1000_IMAG2377.JPG,blank,7,Chordata,,,,,,0.9992,"[0.7804, 0.5592, 0.0467, 0.0724]"
crop_1003_IMAG1656.JPG,blank,7,Chordata,,,,,,0.9999,"[0.0, 0.5226, 0.0482, 0.3216]"
crop_1007_IMAG1468.JPG,oryx species,42,Chordata,mammalia,artiodactyla,bovidae,oryx,,0.8349,"[0.0223, 0.0058, 0.9673, 0.9923]"
crop_1008_IMAG1468.JPG,bovidae family,9,Chordata,mammalia,artiodactyla,bovidae,,,0.7411,"[0.0125, 0.2366, 0.9875, 0.7452]"
crop_1009_IMAG1468.JPG,mammal,38,Chordata,mammalia,,,,,0.8921,"[0.0078, 0.0, 0.9922, 1.0]"
crop_100_IMAG1356.JPG,no cv result,39,Chordata,no cv result,no cv result,no cv result,no cv result,no cv result,0.8593,"[0.2038, 0.1318, 0.7452, 0.7364]"
crop_1010_IMAG2161.JPG,animal,2,Chordata,,,,,,0.6549,"[0.0, 0.0842, 0.9714, 0.8947]"
crop_1011_IMAG0010.JPG,no cv result,39,Chordata,no cv result,no cv result,no cv result,no cv result,no cv result,0.336,"[0.0, 0.0095, 0.9825, 0.9143]"
crop_1012_IMAG0010.JPG,blank,7,Chordata,,,,,,0.7148,"[0.3, 0.0795, 0.5875, 0.9205]"
crop_1014_IMAG2175.JPG,bird,4,Chordata,aves,,,,,0.7792,"[0.0, 0.0115, 1.0, 0.9847]"
crop_1015_IMAG1454.JPG,bird,4,Chordata,aves,,,,,0.8035,"[0.0, 0.0, 0.9958, 0.9795]"
crop_1017_IMAG1326.JPG,animal,2,Chordata,,,,,,0.8598,"[0.0, 0.0523, 0.9568, 0.9419]"
crop_1018_IMAG0038.JPG,bird,4,Chordata,aves,,,,,0.7693,"[0.0, 0.0517, 0.977, 0.8966]"
crop_101_IMAG2139.JPG,bovidae family,9,Chordata,mammalia,artiodactyla,bovidae,,,0.9731,"[0.0, 0.0, 1.0, 1.0]"
crop_1020_IMAG2149.JPG,giraffe,31,Chordata,mammalia,artiodactyla,giraffidae,giraffa,camelopardalis,0.9651,"[0.0042, 0.0, 0.9848, 1.0]"
crop_1021_IMAG2150.JPG,giraffe,31,Chordata,mammalia,artiodactyla,giraffidae,giraffa,camelopardalis,0.9658,"[0.0041, 0.0, 0.9959, 1.0]"
crop_1023_IMAG0021.JPG,plains zebra,45,Chordata,mammalia,perissodactyla,equidae,equus,quagga,0.8572,"[0.0, 0.0, 1.0, 1.0]"
crop_1024_IMAG0035.JPG,bird,4,Chordata,aves,,,,,0.8441,"[0.0052, 0.0083, 0.9845, 0.9833]"
crop_1025_IMAG2144.JPG,spotted hyaena,49,Chordata,mammalia,carnivora,hyaenidae,crocuta,crocuta,0.7778,"[0.0029, 0.0354, 0.9648, 0.9602]"
crop_1026_IMAG1465.JPG,no cv result,39,Chordata,no cv result,no cv result,no cv result,no cv result,no cv result,0.2474,"[0.0764, 0.5615, 0.1146, 0.1927]"
crop_1028_IMAG0009.JPG,bird,4,Chordata,aves,,,,,0.8123,"[0.0217, 0.0, 0.9348, 0.9551]"
crop_1029_IMAG0009.JPG,no cv result,39,Chordata,no cv result,no cv result,no cv result,no cv result,no cv result,0.5493,"[0.7103, 0.3391, 0.2523, 0.6348]"
crop_102_IMAG1430.JPG,bird,4,Chordata,aves,,,,,0.7314,"[0.0753, 0.0, 0.9247, 0.986]"
crop_1030_IMAG0009.JPG,no cv result,39,Chordata,no cv result,no cv result,no cv result,no cv result,no cv result,0.3789,"[0.0959, 0.0648, 0.8767, 0.9167]"
crop_1031_IMAG1317.JPG,bird,4,Chordata,aves,,,,,0.7197,"[0.0, 0.0345, 1.0, 0.9655]"
crop_1033_IMAG1471.JPG,bovidae family,9,Chordata,mammalia,artiodactyla,bovidae,,,0.7593,"[0.0011, 0.0372, 0.9978, 0.8479]"
crop_1034_IMAG1471.JPG,animal,2,Chordata,,,,,,0.8539,"[0.0, 0.2136, 0.9063, 0.7422]"
crop_1035_IMAG2193.JPG,canine family,10,Chordata,mammalia,carnivora,canidae,,,0.9155,"[0.0018, 0.0048, 0.9945, 0.9856]"
crop_1037_IMAG2434.JPG,rheidae family,46,Chordata,aves,struthioniformes,rheidae,,,0.6778,"[0.0037, 0.0, 0.9963, 0.9939]"
crop_1038_IMAG1883.JPG,common wildebeest,19,Chordata,mammalia,artiodactyla,bovidae,connochaetes,taurinus,0.8393,"[0.2355, 0.5241, 0.2368, 0.2882]"
crop_1039_IMAG1883.JPG,common wildebeest,19,Chordata,mammalia,artiodactyla,bovidae,connochaetes,taurinus,0.6941,"[0.0142, 0.0202, 0.9773, 0.804]"
crop_103_IMAG1430.JPG,blank,7,Chordata,,,,,,0.887,"[0.0541, 0.011, 0.9054, 0.989]"
crop_1040_IMAG1883.JPG,cervidae family,14,Chordata,mammalia,artiodactyla,cervidae,,,0.6575,"[0.4489, 0.6345, 0.2554, 0.3596]"
crop_1041_IMAG1883.JPG,mammal,38,Chordata,mammalia,,,,,0.6742,"[0.0369, 0.0, 0.9631, 0.9919]"
crop_1042_IMAG2352.JPG,bird,4,Chordata,aves,,,,,0.7177,"[0.0, 0.0, 0.9968, 1.0]"
crop_1043_IMAG2346.JPG,mammal,38,Chordata,mammalia,,,,,0.8549,"[0.0058, 0.2444, 0.9942, 0.7435]"
crop_1044_IMAG1897.JPG,bird,4,Chordata,aves,,,,,0.7215,"[0.0088, 0.0, 0.9736, 1.0]"
crop_1045_IMAG2420.JPG,bovidae family,9,Chordata,mammalia,artiodactyla,bovidae,,,0.9511,"[0.0, 0.0, 0.9991, 0.998]"
crop_104_IMAG1430.JPG,bird,4,Chordata,aves,,,,,0.9112,"[0.0, 0.0377, 1.0, 0.9434]"
crop_1052_IMAG1854.JPG,columbidae family,16,Chordata,aves,columbiformes,columbidae,,,0.703,"[0.0, 0.0085, 0.9394, 0.9316]"
crop_1053_IMAG1854.JPG,bird,4,Chordata,aves,,,,,0.8042,"[0.0886, 0.0417, 0.7975, 0.8854]"
crop_1054_IMAG1854.JPG,bird,4,Chordata,aves,,,,,0.8068,"[0.039, 0.0452, 0.961, 0.6102]"
crop_1055_IMAG1854.JPG,blank,7,Chordata,,,,,,0.9999,"[0.7571, 0.5405, 0.2429, 0.2432]"
crop_1056_IMAG1854.JPG,bird,4,Chordata,aves,,,,,0.6641,"[0.0, 0.0685, 0.9444, 0.8904]"
crop_1057_IMAG1854.JPG,no cv result,39,Chordata,no cv result,no cv result,no cv result,no cv result,no cv result,0.9861,"[0.0, 0.0, 0.4175, 0.7606]"
crop_1058_IMAG1854.JPG,animal,2,Chordata,,,,,,0.7069,"[0.562, 0.1818, 0.438, 0.8091]"
crop_1059_IMAG2385.JPG,bovidae family,9,Chordata,mammalia,artiodactyla,bovidae,,,0.8963,"[0.0, 0.0, 1.0, 0.9973]"
crop_105_IMAG1424.JPG,secretarybird,48,Chordata,aves,accipitriformes,sagittariidae,sagittarius,serpentarius,0.6635,"[0.0132, 0.0115, 0.8742, 0.9368]"
crop_1064_IMAG1707.JPG,bird,4,Chordata,aves,,,,,0.855,"[0.0131, 0.017, 0.9673, 0.9602]"
crop_1065_IMAG1707.JPG,bird,4,Chordata,aves,,,,,0.8069,"[0.0056, 0.0702, 0.9722, 0.9035]"
crop_1066_IMAG1707.JPG,bird,4,Chordata,aves,,,,,0.8826,"[0.0127, 0.0235, 0.9747, 0.9647]"
crop_1067_IMAG1707.JPG,bird,4,Chordata,aves,,,,,0.751,"[0.0, 0.0563, 0.9431, 0.9155]"
crop_1068_IMAG1707.JPG,bird,4,Chordata,aves,,,,,0.8113,"[0.2, 0.0492, 0.7667, 0.7705]"
crop_1069_IMAG1707.JPG,blank,7,Chordata,,,,,,0.9987,"[0.5676, 0.6349, 0.4324, 0.3492]"
crop_106_IMAG1342.JPG,corvidae family,21,Chordata,aves,passeriformes,corvidae,,,0.9709,"[0.0183, 0.0, 0.9725, 1.0]"
crop_1070_IMAG1707.JPG,no cv result,39,Chordata,no cv result,no cv result,no cv result,no cv result,no cv result,0.3093,"[0.0, 0.125, 0.9905, 0.6786]"
crop_1071_IMAG1707.JPG,animal,2,Chordata,,,,,,0.519,"[0.1, 0.0241, 0.65, 0.7831]"
crop_1072_IMAG1934.JPG,oryx species,42,Chordata,mammalia,artiodactyla,bovidae,oryx,,0.7285,"[0.1835, 0.214, 0.8109, 0.7411]"
crop_1073_IMAG1934.JPG,oryx species,42,Chordata,mammalia,artiodactyla,bovidae,oryx,,0.8538,"[0.0133, 0.1443, 0.9831, 0.8485]"
crop_1074_IMAG1934.JPG,no cv result,39,Chordata,no cv result,no cv result,no cv result,no cv result,no cv result,0.2356,"[0.0, 0.0, 1.0, 1.0]"
crop_1076_IMAG1908.JPG,animal,2,Chordata,,,,,,0.8701,"[0.0184, 0.0323, 0.977, 0.9355]"
crop_1077_IMAG1908.JPG,blank,7,Chordata,,,,,,0.9634,"[0.2679, 0.0952, 0.6875, 0.8231]"
crop_1079_IMAG0155.JPG,vulpes species,52,Chordata,mammalia,carnivora,canidae,vulpes,,0.9162,"[0.0392, 0.0, 0.9548, 1.0]"
crop_107_IMAG1342.JPG,corvidae family,21,Chordata,aves,passeriformes,corvidae,,,0.8758,"[0.2301, 0.069, 0.7638, 0.8517]"
crop_1084_IMAG2018.JPG,plains zebra,45,Chordata,mammalia,perissodactyla,equidae,equus,quagga,0.9675,"[0.0164, 0.0127, 0.9638, 0.9831]"
crop_1085_IMAG0169.JPG,blank,7,Chordata,,,,,,0.9929,"[0.2821, 0.6475, 0.1923, 0.2213]"
crop_1086_IMAG0169.JPG,no cv result,39,Chordata,no cv result,no cv result,no cv result,no cv result,no cv result,0.2639,"[0.0345, 0.0385, 0.8851, 0.9103]"
crop_1087_IMAG0169.JPG,no cv result,39,Chordata,no cv result,no cv result,no cv result,no cv result,no cv result,0.3914,"[0.0351, 0.0, 0.9386, 0.9927]"
crop_1088_IMAG0169.JPG,blank,7,Chordata,,,,,,0.9739,"[0.0667, 0.125, 0.3238, 0.7159]"
crop_1089_IMAG1505.JPG,corvus species,22,Chordata,aves,passeriformes,corvidae,corvus,,0.9174,"[0.0163, 0.0202, 0.9837, 0.9394]"
crop_108_IMAG1395.JPG,bird,4,Chordata,aves,,,,,0.857,"[0.0, 0.0075, 0.9935, 0.9699]"
crop_1090_IMAG1505.JPG,no cv result,39,Chordata,no cv result,no cv result,no cv result,no cv result,no cv result,0.4074,"[0.0139, 0.0469, 0.9444, 0.8594]"
crop_1092_IMAG0182.JPG,bird,4,Chordata,aves,,,,,0.7382,"[0.0093, 0.0097, 0.9907, 0.9855]"
crop_1093_IMAG0182.JPG,blank,7,Chordata,,,,,,0.9908,"[0.3412, 0.0, 0.4235, 0.2917]"
crop_1094_IMAG0182.JPG,no cv result,39,Chordata,no cv result,no cv result,no cv result,no cv result,no cv result,0.1958,"[0.0, 0.0325, 0.8571, 0.7805]"
crop_1095_IMAG0182.JPG,blank,7,Chordata,,,,,,0.9973,"[0.2083, 0.018, 0.3542, 0.2027]"
crop_1096_IMAG0182.JPG,no cv result,39,Chordata,no cv result,no cv result,no cv result,no cv result,no cv result,0.9039,"[0.4615, 0.0345, 0.3297, 0.8736]"
crop_1097_IMAG0182.JPG,no cv result,39,Chordata,no cv result,no cv result,no cv result,no cv result,no cv result,0.2373,"[0.0333, 0.0, 0.9, 0.9758]"
crop_1098_IMAG0182.JPG,no cv result,39,Chordata,no cv result,no cv result,no cv result,no cv result,no cv result,0.4135,"[0.026, 0.0273, 0.9091, 0.9182]"
crop_1099_IMAG0182.JPG,blank,7,Chordata,,,,,,0.6789,"[0.0, 0.0933, 0.9604, 0.8533]"
crop_109_IMAG1395.JPG,bird,4,Chordata,aves,,,,,0.6847,"[0.0161, 0.0, 0.9839, 0.9351]"
crop_10_IMAG1396.JPG,common wildebeest,19,Chordata,mammalia,artiodactyla,bovidae,connochaetes,taurinus,0.6742,"[0.0061, 0.004, 0.9939, 0.6773]"
crop_1100_IMAG0182.JPG,blank,7,Chordata,,,,,,0.9894,"[0.0, 0.2474, 0.2424, 0.5773]"
crop_1101_IMAG0182.JPG,bird,4,Chordata,aves,,,,,0.7623,"[0.1011, 0.0, 0.8539, 1.0]"
crop_1102_IMAG0183.JPG,bird,4,Chordata,aves,,,,,0.6978,"[0.0, 0.0039, 1.0, 0.9921]"
crop_1103_IMAG0183.JPG,bird,4,Chordata,aves,,,,,0.93,"[0.0376, 0.0405, 0.9624, 0.9527]"
crop_1104_IMAG0183.JPG,bird,4,Chordata,aves,,,,,0.6732,"[0.018, 0.0, 0.8784, 0.9747]"
crop_1105_IMAG0183.JPG,bird,4,Chordata,aves,,,,,0.6874,"[0.0382, 0.0874, 0.9554, 0.8738]"
crop_1106_IMAG0183.JPG,bird,4,Chordata,aves,,,,,0.6691,"[0.0, 0.0536, 0.9843, 0.9107]"
crop_1108_IMAG1504.JPG,bird,4,Chordata,aves,,,,,0.7369,"[0.0, 0.0272, 0.8875, 0.8163]"
crop_1109_IMAG1504.JPG,no cv result,39,Chordata,no cv result,no cv result,no cv result,no cv result,no cv result,0.7929,"[0.5085, 0.022, 0.4576, 0.967]"
crop_110_IMAG1395.JPG,no cv result,39,Chordata,no cv result,no cv result,no cv result,no cv result,no cv result,0.4141,"[0.0294, 0.1333, 0.7549, 0.8667]"
crop_1111_IMAG1510.JPG,animal,2,Chordata,,,,,,0.7268,"[0.0, 0.0556, 0.9759, 0.906]"
crop_1112_IMAG0168.JPG,no cv result,39,Chordata,no cv result,no cv result,no cv result,no cv result,no cv result,0.3522,"[0.0114, 0.0959, 0.9318, 0.5753]"
crop_1114_IMAG2031.JPG,no cv result,39,Chordata,no cv result,no cv result,no cv result,no cv result,no cv result,0.3726,"[0.0, 0.0, 1.0, 1.0]"
crop_1115_IMAG1538.JPG,animal,2,Chordata,,,,,,0.9104,"[0.0, 0.0174, 0.9725, 0.9391]"
crop_1116_IMAG1538.JPG,bird,4,Chordata,aves,,,,,0.8145,"[0.0, 0.0781, 0.9556, 0.8281]"
crop_1117_IMAG2025.JPG,animal,2,Chordata,,,,,,0.7639,"[0.0, 0.0, 1.0, 1.0]"
crop_1118_IMAG0154.JPG,animal,2,Chordata,,,,,,0.7523,"[0.0017, 0.1865, 0.9834, 0.7302]"
crop_1119_IMAG1909.JPG,corvus species,22,Chordata,aves,passeriformes,corvidae,corvus,,0.7558,"[0.0029, 0.0086, 0.9912, 0.981]"
crop_1121_IMAG1935.JPG,artiodactyla order,3,Chordata,mammalia,artiodactyla,,,,0.6543,"[0.0, 0.0, 1.0, 1.0]"
crop_1122_IMAG1935.JPG,blank,7,Chordata,,,,,,0.9998,"[0.4855, 0.4433, 0.0399, 0.0464]"
crop_1123_IMAG1706.JPG,bird,4,Chordata,aves,,,,,0.8624,"[0.0, 0.0093, 0.9882, 0.9861]"
crop_1124_IMAG1706.JPG,corvus species,22,Chordata,aves,passeriformes,corvidae,corvus,,0.686,"[0.0069, 0.0612, 0.9861, 0.8367]"
crop_1125_IMAG1706.JPG,animal,2,Chordata,,,,,,0.5912,"[0.0227, 0.0215, 0.9545, 0.9462]"
crop_1126_IMAG1706.JPG,bird,4,Chordata,aves,,,,,0.6562,"[0.0, 0.093, 0.9222, 0.8372]"
crop_1127_IMAG1706.JPG,animal,2,Chordata,,,,,,0.6471,"[0.0, 0.1376, 0.3707, 0.4404]"
crop_1128_IMAG1706.JPG,animal,2,Chordata,,,,,,0.5467,"[0.4173, 0.1702, 0.4892, 0.7376]"
crop_1129_IMAG1706.JPG,animal,2,Chordata,,,,,,0.7587,"[0.686, 0.0515, 0.2479, 0.5773]"
crop_1130_IMAG1706.JPG,blank,7,Chordata,,,,,,0.999,"[0.5962, 0.0143, 0.25, 0.2571]"
crop_1131_IMAG1706.JPG,bird,4,Chordata,aves,,,,,0.8009,"[0.2593, 0.0227, 0.4815, 0.9773]"
crop_1133_IMAG2233.JPG,bovidae family,9,Chordata,mammalia,artiodactyla,bovidae,,,0.7557,"[0.0686, 0.2161, 0.9314, 0.7425]"
crop_1135_IMAG1869.JPG,bird,4,Chordata,aves,,,,,0.7509,"[0.0, 0.006, 1.0, 0.988]"
crop_1136_IMAG1869.JPG,bird,4,Chordata,aves,,,,,0.6893,"[0.4467, 0.156, 0.5267, 0.7431]"
crop_1137_IMAG2384.JPG,mammal,38,Chordata,mammalia,,,,,0.6869,"[0.0013, 0.0, 0.9987, 1.0]"
crop_1138_IMAG2384.JPG,common wildebeest,19,Chordata,mammalia,artiodactyla,bovidae,connochaetes,taurinus,0.9147,"[0.0127, 0.0, 0.9788, 0.9853]"
crop_1139_IMAG2384.JPG,common wildebeest,19,Chordata,mammalia,artiodactyla,bovidae,connochaetes,taurinus,0.7992,"[0.042, 0.0, 0.958, 0.9885]"
crop_113_IMAG2461.JPG,gemsbok,30,Chordata,mammalia,artiodactyla,bovidae,oryx,gazella,0.7103,"[0.0013, 0.0, 0.9908, 0.9972]"
crop_1140_IMAG1855.JPG,animal,2,Chordata,,,,,,0.5702,"[0.0394, 0.0674, 0.9291, 0.9213]"
crop_1141_IMAG1855.JPG,bird,4,Chordata,aves,,,,,0.7616,"[0.1163, 0.0, 0.8605, 1.0]"
crop_1144_IMAG2390.JPG,no cv result,39,Chordata,no cv result,no cv result,no cv result,no cv result,no cv result,0.6134,"[0.0455, 0.0656, 0.9091, 0.8525]"
crop_1145_IMAG2390.JPG,bird,4,Chordata,aves,,,,,0.6822,"[0.0, 0.0299, 0.9835, 0.4402]"
crop_1148_IMAG1666.JPG,no cv result,39,Chordata,no cv result,no cv result,no cv result,no cv result,no cv result,0.5339,"[0.0741, 0.2131, 0.5741, 0.7377]"
crop_1149_IMAG1896.JPG,animal,2,Chordata,,,,,,0.7676,"[0.0, 0.0, 0.9894, 1.0]"
crop_1150_IMAG2347.JPG,canine family,10,Chordata,mammalia,carnivora,canidae,,,0.7908,"[0.0019, 0.0, 0.913, 0.9776]"
crop_1151_IMAG2421.JPG,animal,2,Chordata,,,,,,0.5281,"[0.0275, 0.0591, 0.8681, 0.936]"
crop_1152_IMAG2421.JPG,bird,4,Chordata,aves,,,,,0.7165,"[0.0246, 0.2877, 0.8033, 0.7055]"
crop_1153_IMAG2421.JPG,no cv result,39,Chordata,no cv result,no cv result,no cv result,no cv result,no cv result,0.2205,"[0.0583, 0.14, 0.932, 0.8]"
crop_1154_IMAG2421.JPG,no cv result,39,Chordata,no cv result,no cv result,no cv result,no cv result,no cv result,0.3188,"[0.0244, 0.0096, 0.878, 0.9231]"
crop_1156_IMAG2353.JPG,mammal,38,Chordata,mammalia,,,,,0.8198,"[0.0, 0.0, 1.0, 1.0]"
crop_1157_IMAG1882.JPG,common wildebeest,19,Chordata,mammalia,artiodactyla,bovidae,connochaetes,taurinus,0.961,"[0.0119, 0.0118, 0.9864, 0.9752]"
crop_1158_IMAG1882.JPG,common wildebeest,19,Chordata,mammalia,artiodactyla,bovidae,connochaetes,taurinus,0.956,"[0.0039, 0.0037, 0.9336, 0.9814]"
crop_1159_IMAG1882.JPG,common wildebeest,19,Chordata,mammalia,artiodactyla,bovidae,connochaetes,taurinus,0.9721,"[0.0018, 0.0, 0.9839, 0.9921]"
crop_115_IMAG1632.JPG,bird,4,Chordata,aves,,,,,0.8064,"[0.0169, 0.0123, 0.9322, 0.9877]"
crop_1160_IMAG1882.JPG,common wildebeest,19,Chordata,mammalia,artiodactyla,bovidae,connochaetes,taurinus,0.9413,"[0.0, 0.0, 0.9989, 0.7109]"
crop_1162_IMAG2192.JPG,no cv result,39,Chordata,no cv result,no cv result,no cv result,no cv result,no cv result,0.4438,"[0.2536, 0.0426, 0.7443, 0.9521]"
crop_1163_IMAG1316.JPG,animal,2,Chordata,,,,,,0.636,"[0.1515, 0.1111, 0.7273, 0.7778]"
crop_1164_IMAG1316.JPG,no cv result,39,Chordata,no cv result,no cv result,no cv result,no cv result,no cv result,0.9323,"[0.0492, 0.1132, 0.9016, 0.8113]"
crop_1165_IMAG0008.JPG,bird,4,Chordata,aves,,,,,0.8306,"[0.0065, 0.0217, 0.8301, 0.8261]"
crop_1166_IMAG1470.JPG,bovidae family,9,Chordata,mammalia,artiodactyla,bovidae,,,0.6933,"[0.0012, 0.0022, 0.9988, 0.8423]"
crop_1167_IMAG2179.JPG,carnivorous mammal,12,Chordata,mammalia,carnivora,,,,0.9311,"[0.003, 0.0133, 0.997, 0.9823]"
crop_1169_IMAG1302.JPG,corvus species,22,Chordata,aves,passeriformes,corvidae,corvus,,0.7226,"[0.0189, 0.0174, 0.9245, 0.9652]"
crop_1170_IMAG0034.JPG,bird,4,Chordata,aves,,,,,0.9648,"[0.0123, 0.0163, 0.9815, 0.9837]"
crop_1171_IMAG0034.JPG,bird,4,Chordata,aves,,,,,0.7674,"[0.0, 0.025, 0.9957, 0.9333]"
crop_1172_IMAG2145.JPG,mammal,38,Chordata,mammalia,,,,,0.9373,"[0.0, 0.0442, 0.9908, 0.9528]"
crop_1174_IMAG2151.JPG,giraffe,31,Chordata,mammalia,artiodactyla,giraffidae,giraffa,camelopardalis,0.9823,"[0.0031, 0.0025, 0.9954, 0.9914]"
crop_1175_IMAG0020.JPG,hyaenidae family,34,Chordata,mammalia,carnivora,hyaenidae,,,0.9325,"[0.0, 0.0, 0.9989, 0.9968]"
crop_1176_IMAG2147.JPG,giraffe,31,Chordata,mammalia,artiodactyla,giraffidae,giraffa,camelopardalis,0.9848,"[0.0, 0.0, 0.9661, 0.9984]"
crop_1178_IMAG1328.JPG,bird,4,Chordata,aves,,,,,0.6962,"[0.0056, 0.0218, 0.9692, 0.9738]"
crop_1179_IMAG0022.JPG,mammal,38,Chordata,mammalia,,,,,0.9307,"[0.0224, 0.1834, 0.9776, 0.7683]"
crop_1180_IMAG2153.JPG,giraffe,31,Chordata,mammalia,artiodactyla,giraffidae,giraffa,camelopardalis,0.9721,"[0.0043, 0.0, 0.9946, 0.9991]"
crop_1181_IMAG1472.JPG,bovidae family,9,Chordata,mammalia,artiodactyla,bovidae,,,0.829,"[0.0137, 0.0678, 0.9863, 0.8464]"
crop_1182_IMAG1472.JPG,mammal,38,Chordata,mammalia,,,,,0.9043,"[0.0129, 0.2454, 0.9807, 0.735]"
crop_1183_IMAG1314.JPG,bird,4,Chordata,aves,,,,,0.7104,"[0.0032, 0.0043, 0.9177, 0.9701]"
crop_1185_IMAG1466.JPG,oryx species,42,Chordata,mammalia,artiodactyla,bovidae,oryx,,0.8001,"[0.0075, 0.0785, 0.9904, 0.8361]"
crop_1186_IMAG1466.JPG,mammal,38,Chordata,mammalia,,,,,0.7698,"[0.0244, 0.1675, 0.9665, 0.7317]"
crop_1187_IMAG1466.JPG,oryx species,42,Chordata,mammalia,artiodactyla,bovidae,oryx,,0.6857,"[0.0, 0.0, 0.9966, 0.9903]"
crop_1188_IMAG2184.JPG,bird,4,Chordata,aves,,,,,0.7165,"[0.0, 0.0422, 1.0, 0.9481]"
crop_1189_IMAG1499.JPG,bird,4,Chordata,aves,,,,,0.846,"[0.007, 0.0, 0.972, 0.995]"
crop_1190_IMAG1499.JPG,no cv result,39,Chordata,no cv result,no cv result,no cv result,no cv result,no cv result,0.3233,"[0.1296, 0.0101, 0.8148, 0.9899]"
crop_1193_IMAG2345.JPG,no cv result,39,Chordata,no cv result,no cv result,no cv result,no cv result,no cv result,0.4747,"[0.1705, 0.4138, 0.3469, 0.1517]"
crop_1194_IMAG1894.JPG,corvidae family,21,Chordata,aves,passeriformes,corvidae,,,0.9029,"[0.0199, 0.0159, 0.9801, 0.9283]"
crop_1195_IMAG1880.JPG,secretarybird,48,Chordata,aves,accipitriformes,sagittariidae,sagittarius,serpentarius,0.7462,"[0.001, 0.0049, 0.9981, 0.9913]"
crop_1196_IMAG1880.JPG,no cv result,39,Chordata,no cv result,no cv result,no cv result,no cv result,no cv result,0.1864,"[0.0149, 0.006, 0.9851, 0.979]"
crop_1197_IMAG1658.JPG,oryx species,42,Chordata,mammalia,artiodactyla,bovidae,oryx,,0.8378,"[0.0011, 0.1778, 0.9978, 0.8154]"
crop_1198_IMAG2351.JPG,blank,7,Chordata,,,,,,0.9998,"[0.0888, 0.2216, 0.0461, 0.0619]"
crop_1199_IMAG2437.JPG,bovidae family,9,Chordata,mammalia,artiodactyla,bovidae,,,0.8867,"[0.0066, 0.311, 0.9934, 0.6655]"
crop_11_IMAG0088.JPG,cat family,13,Chordata,mammalia,carnivora,felidae,,,0.9915,"[0.0, 0.0032, 1.0, 0.9968]"
crop_1200_IMAG1670.JPG,bird,4,Chordata,aves,,,,,0.7825,"[0.1892, 0.0326, 0.8108, 0.9674]"
crop_1201_IMAG1670.JPG,animal,2,Chordata,,,,,,0.7799,"[0.06, 0.2143, 0.82, 0.6429]"
crop_1202_IMAG1670.JPG,no cv result,39,Chordata,no cv result,no cv result,no cv result,no cv result,no cv result,0.9488,"[0.1143, 0.0588, 0.7429, 0.9265]"
crop_1203_IMAG1670.JPG,animal,2,Chordata,,,,,,0.5225,"[0.0364, 0.084, 0.9182, 0.8992]"
crop_1205_IMAG1664.JPG,bird,4,Chordata,aves,,,,,0.804,"[0.0, 0.0, 0.9895, 1.0]"
crop_1210_IMAG2231.JPG,hartebeest,33,Chordata,mammalia,artiodactyla,bovidae,alcelaphus,buselaphus,0.8101,"[0.0, 0.0, 1.0, 1.0]"
crop_1213_IMAG1704.JPG,blank,7,Chordata,,,,,,0.9991,"[0.3667, 0.1849, 0.1083, 0.1438]"
crop_1215_IMAG1710.JPG,bird,4,Chordata,aves,,,,,0.7645,"[0.0, 0.0, 0.9964, 1.0]"
crop_1216_IMAG1710.JPG,bird,4,Chordata,aves,,,,,0.6991,"[0.0635, 0.0364, 0.873, 0.9636]"
crop_1217_IMAG1710.JPG,bird,4,Chordata,aves,,,,,0.8389,"[0.283, 0.0654, 0.6226, 0.8505]"
crop_1218_IMAG1710.JPG,no cv result,39,Chordata,no cv result,no cv result,no cv result,no cv result,no cv result,0.2069,"[0.0167, 0.0, 0.9833, 1.0]"
crop_1219_IMAG1710.JPG,no cv result,39,Chordata,no cv result,no cv result,no cv result,no cv result,no cv result,0.1538,"[0.125, 0.1176, 0.6979, 0.7059]"
crop_1220_IMAG1710.JPG,bird,4,Chordata,aves,,,,,0.7,"[0.1667, 0.2523, 0.7708, 0.6667]"
crop_1221_IMAG1710.JPG,bird,4,Chordata,aves,,,,,0.7628,"[0.0417, 0.0, 0.9375, 0.9825]"
crop_1222_IMAG1710.JPG,bird,4,Chordata,aves,,,,,0.7038,"[0.0185, 0.0, 0.9444, 0.9818]"
crop_1223_IMAG1923.JPG,animal,2,Chordata,,,,,,0.7971,"[0.0174, 0.0, 0.9826, 1.0]"
crop_1224_IMAG1937.JPG,oryx species,42,Chordata,mammalia,artiodactyla,bovidae,oryx,,0.6516,"[0.0, 0.0, 0.9919, 0.9986]"
crop_1225_IMAG1937.JPG,bovidae family,9,Chordata,mammalia,artiodactyla,bovidae,,,0.8435,"[0.0082, 0.0, 0.966, 0.7899]"
crop_1226_IMAG1937.JPG,domestic horse,27,Chordata,mammalia,perissodactyla,equidae,equus,caballus,0.9756,"[0.0, 0.0, 0.8585, 0.9939]"
crop_1228_IMAG0142.JPG,blank,7,Chordata,,,,,,0.7205,"[0.1333, 0.0, 0.7333, 0.8308]"
crop_1229_IMAG0156.JPG,no cv result,39,Chordata,no cv result,no cv result,no cv result,no cv result,no cv result,0.1881,"[0.007, 0.0, 0.993, 0.9891]"
crop_1231_IMAG1506.JPG,no cv result,39,Chordata,no cv result,no cv result,no cv result,no cv result,no cv result,0.8638,"[0.0289, 0.0431, 0.9538, 0.8362]"
crop_1233_IMAG0181.JPG,bird,4,Chordata,aves,,,,,0.7197,"[0.0, 0.0065, 0.9882, 0.9806]"
crop_1234_IMAG0181.JPG,bird,4,Chordata,aves,,,,,0.8612,"[0.0075, 0.0, 0.9925, 0.9939]"
crop_1235_IMAG0181.JPG,bird,4,Chordata,aves,,,,,0.6982,"[0.0157, 0.0, 0.9843, 0.9926]"
crop_1236_IMAG0181.JPG,no cv result,39,Chordata,no cv result,no cv result,no cv result,no cv result,no cv result,0.5044,"[0.0, 0.3833, 0.9417, 0.6]"
crop_1237_IMAG0181.JPG,blank,7,Chordata,,,,,,0.7576,"[0.0, 0.0172, 0.9783, 0.9828]"
crop_1238_IMAG0180.JPG,animal,2,Chordata,,,,,,0.7729,"[0.0, 0.0074, 0.9777, 0.9852]"
crop_1239_IMAG0180.JPG,bird,4,Chordata,aves,,,,,0.783,"[0.0053, 0.027, 0.9895, 0.9459]"
crop_123_IMAG1746.JPG,bird,4,Chordata,aves,,,,,0.7371,"[0.0342, 0.0139, 0.9658, 0.963]"
crop_1240_IMAG0180.JPG,no cv result,39,Chordata,no cv result,no cv result,no cv result,no cv result,no cv result,0.3247,"[0.0645, 0.009, 0.8925, 0.991]"
crop_1241_IMAG0180.JPG,bird,4,Chordata,aves,,,,,0.7356,"[0.0158, 0.0079, 0.8105, 0.9921]"
crop_1243_IMAG1507.JPG,bird,4,Chordata,aves,,,,,0.9524,"[0.1556, 0.0236, 0.7778, 0.9213]"
crop_1244_IMAG0157.JPG,bovidae family,9,Chordata,mammalia,artiodactyla,bovidae,,,0.7714,"[0.0069, 0.0021, 0.9931, 0.79]"
crop_1246_IMAG2032.JPG,black-backed jackal,6,Chordata,mammalia,carnivora,canidae,canis,mesomelas,0.7,"[0.0, 0.0065, 0.9985, 0.9913]"
crop_1247_IMAG0143.JPG,bird,4,Chordata,aves,,,,,0.8217,"[0.0165, 0.0479, 0.9256, 0.911]"
crop_1248_IMAG1936.JPG,oryx species,42,Chordata,mammalia,artiodactyla,bovidae,oryx,,0.7723,"[0.0019, 0.0075, 0.9565, 0.9925]"
crop_1249_IMAG1936.JPG,animal,2,Chordata,,,,,,0.8145,"[0.0, 0.0, 1.0, 0.9312]"
crop_1251_IMAG1711.JPG,bird,4,Chordata,aves,,,,,0.6698,"[0.0, 0.0422, 0.2481, 0.6506]"
crop_1252_IMAG1711.JPG,bird,4,Chordata,aves,,,,,0.6891,"[0.0635, 0.0317, 0.9206, 0.9603]"
crop_1254_IMAG1705.JPG,bird,4,Chordata,aves,,,,,0.8052,"[0.0, 0.0168, 1.0, 0.9748]"
crop_1256_IMAG1739.JPG,common wildebeest,19,Chordata,mammalia,artiodactyla,bovidae,connochaetes,taurinus,0.968,"[0.0, 0.0, 0.9944, 1.0]"
crop_1257_IMAG2230.JPG,bird,4,Chordata,aves,,,,,0.9049,"[0.0059, 0.02, 0.9822, 0.9467]"
crop_1259_IMAG2393.JPG,no cv result,39,Chordata,no cv result,no cv result,no cv result,no cv result,no cv result,0.939,"[0.0476, 0.0, 0.9524, 0.9727]"
crop_125_IMAG1961.JPG,corvus species,22,Chordata,aves,passeriformes,corvidae,corvus,,0.8963,"[0.0, 0.0, 1.0, 0.9925]"
crop_1260_IMAG2393.JPG,animal,2,Chordata,,,,,,0.6358,"[0.0169, 0.0435, 0.9661, 0.913]"
crop_1262_IMAG1856.JPG,animal,2,Chordata,,,,,,0.507,"[0.0056, 0.0044, 0.9888, 0.978]"
crop_1263_IMAG1665.JPG,bird,4,Chordata,aves,,,,,0.7531,"[0.0256, 0.0132, 0.9679, 0.9211]"
crop_1264_IMAG1665.JPG,bird,4,Chordata,aves,,,,,0.7818,"[0.2743, 0.1148, 0.7257, 0.7377]"
crop_1265_IMAG2378.JPG,common wildebeest,19,Chordata,mammalia,artiodactyla,bovidae,connochaetes,taurinus,0.9849,"[0.007, 0.0, 0.9906, 1.0]"
crop_1267_IMAG2350.JPG,no cv result,39,Chordata,no cv result,no cv result,no cv result,no cv result,no cv result,0.235,"[0.0045, 0.3527, 0.9955, 0.6198]"
crop_1268_IMAG1659.JPG,bovidae family,9,Chordata,mammalia,artiodactyla,bovidae,,,0.6854,"[0.0093, 0.0052, 0.9884, 0.8224]"
crop_1269_IMAG1881.JPG,common wildebeest,19,Chordata,mammalia,artiodactyla,bovidae,connochaetes,taurinus,0.9758,"[0.0, 0.0, 0.9991, 1.0]"
crop_1270_IMAG1881.JPG,common wildebeest,19,Chordata,mammalia,artiodactyla,bovidae,connochaetes,taurinus,0.9462,"[0.0043, 0.0, 0.9957, 0.9966]"
crop_1271_IMAG1881.JPG,common wildebeest,19,Chordata,mammalia,artiodactyla,bovidae,connochaetes,taurinus,0.9533,"[0.0, 0.0, 1.0, 0.9344]"
crop_1272_IMAG1881.JPG,common wildebeest,19,Chordata,mammalia,artiodactyla,bovidae,connochaetes,taurinus,0.9677,"[0.0206, 0.0, 0.9743, 0.9915]"
crop_1273_IMAG1881.JPG,common wildebeest,19,Chordata,mammalia,artiodactyla,bovidae,connochaetes,taurinus,0.9725,"[0.004, 0.0, 0.992, 0.9894]"
crop_1274_IMAG1881.JPG,common wildebeest,19,Chordata,mammalia,artiodactyla,bovidae,connochaetes,taurinus,0.9777,"[0.0067, 0.0, 0.992, 1.0]"
crop_1275_IMAG1881.JPG,common wildebeest,19,Chordata,mammalia,artiodactyla,bovidae,connochaetes,taurinus,0.9339,"[0.0, 0.0932, 0.9965, 0.8547]"
crop_1276_IMAG2436.JPG,oryx species,42,Chordata,mammalia,artiodactyla,bovidae,oryx,,0.8203,"[0.0, 0.0, 0.9969, 0.9727]"
crop_1278_IMAG1895.JPG,animal,2,Chordata,,,,,,0.826,"[0.0044, 0.011, 0.9693, 0.9634]"
crop_1279_IMAG1895.JPG,corvus species,22,Chordata,aves,passeriformes,corvidae,corvus,,0.7314,"[0.0048, 0.0052, 0.9809, 0.9896]"
crop_1283_IMAG2185.JPG,no cv result,39,Chordata,no cv result,no cv result,no cv result,no cv result,no cv result,0.3556,"[0.0488, 0.0485, 0.9085, 0.7573]"
crop_1284_IMAG1301.JPG,corvus species,22,Chordata,aves,passeriformes,corvidae,corvus,,0.8683,"[0.0377, 0.0, 0.9057, 1.0]"
crop_1285_IMAG1467.JPG,oryx species,42,Chordata,mammalia,artiodactyla,bovidae,oryx,,0.7114,"[0.0028, 0.3089, 0.9958, 0.6789]"
crop_1286_IMAG1473.JPG,oryx species,42,Chordata,mammalia,artiodactyla,bovidae,oryx,,0.8275,"[0.0011, 0.1755, 0.9933, 0.8059]"
crop_1287_IMAG1473.JPG,bovidae family,9,Chordata,mammalia,artiodactyla,bovidae,,,0.6577,"[0.0, 0.0, 0.9898, 1.0]"
crop_1288_IMAG1473.JPG,bovidae family,9,Chordata,mammalia,artiodactyla,bovidae,,,0.8754,"[0.003, 0.152, 0.9926, 0.8368]"
crop_128_IMAG1949.JPG,artiodactyla order,3,Chordata,mammalia,artiodactyla,,,,0.6746,"[0.0027, 0.1825, 0.9973, 0.7399]"
crop_1290_IMAG0023.JPG,blank,7,Chordata,,,,,,0.9985,"[0.4608, 0.2873, 0.1863, 0.105]"
crop_1293_IMAG1329.JPG,bird,4,Chordata,aves,,,,,0.7661,"[0.0074, 0.015, 0.9852, 0.9398]"
crop_1295_IMAG1311.JPG,blank,7,Chordata,,,,,,0.8988,"[0.0, 0.15, 1.0, 0.825]"
crop_1296_IMAG1477.JPG,cervidae family,14,Chordata,mammalia,artiodactyla,cervidae,,,0.7183,"[0.007, 0.3027, 0.993, 0.6334]"
crop_1297_IMAG1463.JPG,blank,7,Chordata,,,,,,0.9987,"[0.3333, 0.355, 0.1091, 0.142]"
crop_1298_IMAG1463.JPG,cervidae family,14,Chordata,mammalia,artiodactyla,cervidae,,,0.8458,"[0.0, 0.0, 1.0, 1.0]"
crop_129_IMAG1791.JPG,gemsbok,30,Chordata,mammalia,artiodactyla,bovidae,oryx,gazella,0.9139,"[0.0, 0.0, 1.0, 0.9822]"
crop_12_IMAG1619.JPG,blank,7,Chordata,,,,,,0.9193,"[0.0455, 0.0513, 0.9545, 0.9487]"
crop_1300_IMAG0033.JPG,bird,4,Chordata,aves,,,,,0.9111,"[0.0262, 0.04, 0.9663, 0.94]"
crop_1301_IMAG0033.JPG,bird,4,Chordata,aves,,,,,0.668,"[0.0059, 0.0081, 0.9941, 0.9839]"
crop_1303_IMAG2156.JPG,no cv result,39,Chordata,no cv result,no cv result,no cv result,no cv result,no cv result,0.2058,"[0.1275, 0.027, 0.604, 0.8649]"
crop_1307_IMAG1488.JPG,bird,4,Chordata,aves,,,,,0.7128,"[0.0, 0.0194, 0.9944, 0.9417]"
crop_1308_IMAG1488.JPG,animal,2,Chordata,,,,,,0.6008,"[0.042, 0.0405, 0.9328, 0.9459]"
crop_1309_IMAG1488.JPG,no cv result,39,Chordata,no cv result,no cv result,no cv result,no cv result,no cv result,0.6325,"[0.0137, 0.05, 0.9589, 0.9167]"
crop_130_IMAG1791.JPG,animal,2,Chordata,,,,,,0.7036,"[0.0077, 0.0, 0.9923, 0.9868]"
crop_1310_IMAG1488.JPG,no cv result,39,Chordata,no cv result,no cv result,no cv result,no cv result,no cv result,0.3392,"[0.0083, 0.0119, 0.975, 0.9881]"
crop_1314_IMAG1661.JPG,plains zebra,45,Chordata,mammalia,perissodactyla,equidae,equus,quagga,0.7433,"[0.009, 0.0, 0.991, 0.996]"
crop_1315_IMAG2340.JPG,bird,4,Chordata,aves,,,,,0.8214,"[0.0315, 0.0156, 0.9606, 0.9688]"
crop_1316_IMAG1891.JPG,common wildebeest,19,Chordata,mammalia,artiodactyla,bovidae,connochaetes,taurinus,0.9487,"[0.0, 0.0029, 0.9988, 0.9823]"
crop_1317_IMAG1891.JPG,common wildebeest,19,Chordata,mammalia,artiodactyla,bovidae,connochaetes,taurinus,0.9241,"[0.0017, 0.0, 0.9983, 0.9915]"
crop_131_IMAG1791.JPG,bovidae family,9,Chordata,mammalia,artiodactyla,bovidae,,,0.6648,"[0.6633, 0.7365, 0.3367, 0.2635]"
crop_1320_IMAG2432.JPG,struthioniformes order,50,Chordata,aves,struthioniformes,,,,0.9911,"[0.0, 0.0, 1.0, 1.0]"
crop_1321_IMAG2432.JPG,rheidae family,46,Chordata,aves,struthioniformes,rheidae,,,0.6677,"[0.0189, 0.0952, 0.9811, 0.7381]"
crop_1322_IMAG2432.JPG,struthioniformes order,50,Chordata,aves,struthioniformes,,,,0.9858,"[0.0074, 0.0, 0.9779, 1.0]"
crop_1323_IMAG2432.JPG,struthioniformes order,50,Chordata,aves,struthioniformes,,,,0.9954,"[0.0253, 0.0125, 0.9747, 0.9833]"
crop_1324_IMAG2432.JPG,struthioniformes order,50,Chordata,aves,struthioniformes,,,,0.9938,"[0.0074, 0.0036, 0.9926, 0.9964]"
crop_1325_IMAG1885.JPG,common wildebeest,19,Chordata,mammalia,artiodactyla,bovidae,connochaetes,taurinus,0.7947,"[0.0042, 0.0, 0.9937, 1.0]"
crop_1326_IMAG1885.JPG,animal,2,Chordata,,,,,,0.9472,"[0.0032, 0.0138, 0.9957, 0.8061]"
crop_1327_IMAG2354.JPG,artiodactyla order,3,Chordata,mammalia,artiodactyla,,,,0.6824,"[0.0, 0.2064, 0.9886, 0.7441]"
crop_1329_IMAG2383.JPG,common wildebeest,19,Chordata,mammalia,artiodactyla,bovidae,connochaetes,taurinus,0.8111,"[0.0011, 0.0, 0.9956, 0.9977]"
crop_132_IMAG2298.JPG,rodent,47,Chordata,mammalia,rodentia,,,,0.9071,"[0.1439, 0.0927, 0.8475, 0.9073]"
crop_1330_IMAG2383.JPG,common wildebeest,19,Chordata,mammalia,artiodactyla,bovidae,connochaetes,taurinus,0.7433,"[0.0026, 0.006, 0.9457, 0.9279]"
crop_1331_IMAG2383.JPG,common wildebeest,19,Chordata,mammalia,artiodactyla,bovidae,connochaetes,taurinus,0.9288,"[0.0204, 0.0, 0.9755, 0.9981]"
crop_1333_IMAG1846.JPG,connochaetes species,20,Chordata,mammalia,artiodactyla,bovidae,connochaetes,,0.9522,"[0.0, 0.0, 1.0, 1.0]"
crop_1334_IMAG1846.JPG,animal,2,Chordata,,,,,,0.7544,"[0.0072, 0.0, 0.9746, 1.0]"
crop_1335_IMAG1846.JPG,no cv result,39,Chordata,no cv result,no cv result,no cv result,no cv result,no cv result,0.3131,"[0.0707, 0.0851, 0.596, 0.8085]"
crop_1336_IMAG1846.JPG,no cv result,39,Chordata,no cv result,no cv result,no cv result,no cv result,no cv result,0.8236,"[0.3878, 0.026, 0.5612, 0.8701]"
crop_1338_IMAG2208.JPG,canine family,10,Chordata,mammalia,carnivora,canidae,,,0.9943,"[0.0218, 0.0097, 0.9764, 0.9855]"
crop_133_IMAG0100.JPG,no cv result,39,Chordata,no cv result,no cv result,no cv result,no cv result,no cv result,0.1329,"[0.0123, 0.0714, 0.9012, 0.8]"
crop_1340_IMAG2234.JPG,hartebeest,33,Chordata,mammalia,artiodactyla,bovidae,alcelaphus,buselaphus,0.8331,"[0.002, 0.0066, 0.996, 0.916]"
crop_1341_IMAG1729.JPG,hystrix species,35,Chordata,mammalia,rodentia,hystricidae,hystrix,,0.7218,"[0.0, 0.0, 1.0, 1.0]"
crop_1343_IMAG2220.JPG,common wildebeest,19,Chordata,mammalia,artiodactyla,bovidae,connochaetes,taurinus,0.9597,"[0.0127, 0.0036, 0.9747, 0.9708]"
crop_1344_IMAG2220.JPG,common wildebeest,19,Chordata,mammalia,artiodactyla,bovidae,connochaetes,taurinus,0.81,"[0.0, 0.0, 0.9951, 0.9794]"
crop_1345_IMAG1926.JPG,animal,2,Chordata,,,,,,0.6682,"[0.0, 0.0, 1.0, 1.0]"
crop_1346_IMAG1932.JPG,artiodactyla order,3,Chordata,mammalia,artiodactyla,,,,0.764,"[0.0027, 0.0068, 0.9973, 0.9674]"
crop_1347_IMAG1503.JPG,bird,4,Chordata,aves,,,,,0.828,"[0.25, 0.0381, 0.6875, 0.6952]"
crop_134_IMAG0100.JPG,bird,4,Chordata,aves,,,,,0.7942,"[0.0317, 0.1604, 0.7937, 0.7358]"
crop_1350_IMAG2036.JPG,canine family,10,Chordata,mammalia,carnivora,canidae,,,0.9243,"[0.0, 0.0, 0.9902, 0.9915]"
crop_1351_IMAG2036.JPG,no cv result,39,Chordata,no cv result,no cv result,no cv result,no cv result,no cv result,0.5131,"[0.0, 0.0, 1.0, 1.0]"
crop_1353_IMAG0153.JPG,common wildebeest,19,Chordata,mammalia,artiodactyla,bovidae,connochaetes,taurinus,0.9102,"[0.0031, 0.0, 0.9688, 0.9967]"
crop_1354_IMAG0153.JPG,black-backed jackal,6,Chordata,mammalia,carnivora,canidae,canis,mesomelas,0.9189,"[0.274, 0.0335, 0.7215, 0.8373]"
crop_1355_IMAG0153.JPG,common wildebeest,19,Chordata,mammalia,artiodactyla,bovidae,connochaetes,taurinus,0.9609,"[0.0, 0.0133, 0.9749, 0.9867]"
crop_1356_IMAG0153.JPG,common wildebeest,19,Chordata,mammalia,artiodactyla,bovidae,connochaetes,taurinus,0.9505,"[0.0063, 0.0, 0.9937, 0.9967]"
crop_1357_IMAG0153.JPG,common wildebeest,19,Chordata,mammalia,artiodactyla,bovidae,connochaetes,taurinus,0.9432,"[0.0, 0.0158, 0.2665, 0.9778]"
crop_1358_IMAG0153.JPG,common wildebeest,19,Chordata,mammalia,artiodactyla,bovidae,connochaetes,taurinus,0.9526,"[0.0052, 0.0, 0.9948, 1.0]"
crop_1359_IMAG0153.JPG,common wildebeest,19,Chordata,mammalia,artiodactyla,bovidae,connochaetes,taurinus,0.9859,"[0.1441, 0.0, 0.8559, 1.0]"
crop_135_IMAG0100.JPG,no cv result,39,Chordata,no cv result,no cv result,no cv result,no cv result,no cv result,0.2125,"[0.0133, 0.1702, 0.6533, 0.8298]"
crop_1363_IMAG0152.JPG,blank,7,Chordata,,,,,,0.9999,"[0.8495, 0.6505, 0.0968, 0.301]"
crop_1364_IMAG0152.JPG,bird,4,Chordata,aves,,,,,0.8093,"[0.0694, 0.0315, 0.9028, 0.9213]"
crop_1367_IMAG1516.JPG,no cv result,39,Chordata,no cv result,no cv result,no cv result,no cv result,no cv result,0.469,"[0.012, 0.0706, 0.9157, 0.8118]"
crop_1368_IMAG1502.JPG,no cv result,39,Chordata,no cv result,no cv result,no cv result,no cv result,no cv result,0.987,"[0.1379, 0.2241, 0.7931, 0.6897]"
crop_1369_IMAG1933.JPG,cervidae family,14,Chordata,mammalia,artiodactyla,cervidae,,,0.7307,"[0.0, 0.0, 0.9832, 0.9722]"
crop_1370_IMAG1927.JPG,cat family,13,Chordata,mammalia,carnivora,felidae,,,0.9765,"[0.0015, 0.0032, 0.9985, 0.9968]"
crop_1371_IMAG2221.JPG,common wildebeest,19,Chordata,mammalia,artiodactyla,bovidae,connochaetes,taurinus,0.7972,"[0.0045, 0.0076, 0.9676, 0.9608]"
crop_1372_IMAG2221.JPG,common wildebeest,19,Chordata,mammalia,artiodactyla,bovidae,connochaetes,taurinus,0.8619,"[0.0113, 0.0041, 0.9887, 0.9776]"
crop_1373_IMAG2221.JPG,common wildebeest,19,Chordata,mammalia,artiodactyla,bovidae,connochaetes,taurinus,0.9129,"[0.0, 0.0, 0.9957, 0.9852]"
crop_1374_IMAG2221.JPG,bovidae family,9,Chordata,mammalia,artiodactyla,bovidae,,,0.9228,"[0.1646, 0.0, 0.8329, 0.957]"
crop_1375_IMAG2221.JPG,common wildebeest,19,Chordata,mammalia,artiodactyla,bovidae,connochaetes,taurinus,0.8831,"[0.0, 0.0, 0.9878, 1.0]"
crop_1376_IMAG1728.JPG,oryx species,42,Chordata,mammalia,artiodactyla,bovidae,oryx,,0.7039,"[0.006, 0.031, 0.994, 0.93]"
crop_1377_IMAG2235.JPG,hartebeest,33,Chordata,mammalia,artiodactyla,bovidae,alcelaphus,buselaphus,0.798,"[0.0, 0.0, 0.9934, 0.9925]"
crop_137_IMAG2071.JPG,canine family,10,Chordata,mammalia,carnivora,canidae,,,0.9183,"[0.013, 0.0025, 0.987, 0.99]"
crop_1381_IMAG1847.JPG,bird,4,Chordata,aves,,,,,0.6752,"[0.0, 0.0167, 0.9674, 0.9611]"
crop_1382_IMAG1847.JPG,animal,2,Chordata,,,,,,0.7427,"[0.5777, 0.6693, 0.4223, 0.2598]"
crop_1383_IMAG1847.JPG,animal,2,Chordata,,,,,,0.7896,"[0.0, 0.0051, 0.9955, 0.9695]"
crop_1384_IMAG1847.JPG,no cv result,39,Chordata,no cv result,no cv result,no cv result,no cv result,no cv result,0.1599,"[0.0, 0.0347, 0.9604, 0.9554]"
crop_1385_IMAG1847.JPG,bird,4,Chordata,aves,,,,,0.6933,"[0.0164, 0.0, 0.9836, 0.9869]"
crop_1386_IMAG1847.JPG,animal,2,Chordata,,,,,,0.6783,"[0.0096, 0.0435, 0.875, 0.8696]"
crop_1387_IMAG1847.JPG,no cv result,39,Chordata,no cv result,no cv result,no cv result,no cv result,no cv result,0.1992,"[0.033, 0.0115, 0.7473, 0.8046]"
crop_1388_IMAG1847.JPG,no cv result,39,Chordata,no cv result,no cv result,no cv result,no cv result,no cv result,0.897,"[0.0575, 0.1358, 0.8506, 0.716]"
crop_1389_IMAG1847.JPG,no cv result,39,Chordata,no cv result,no cv result,no cv result,no cv result,no cv result,0.4401,"[0.013, 0.0462, 0.8442, 0.8]"
crop_1390_IMAG2396.JPG,struthioniformes order,50,Chordata,aves,struthioniformes,,,,0.9947,"[0.0079, 0.0, 0.9789, 1.0]"
crop_1391_IMAG2382.JPG,bird,4,Chordata,aves,,,,,0.8146,"[0.0, 0.0203, 0.8243, 0.9054]"
crop_1392_IMAG2382.JPG,mammal,38,Chordata,mammalia,,,,,0.7783,"[0.3762, 0.1101, 0.5941, 0.844]"
crop_1395_IMAG2355.JPG,animal,2,Chordata,,,,,,0.6977,"[0.0021, 0.0, 0.9853, 1.0]"
crop_1396_IMAG2355.JPG,no cv result,39,Chordata,no cv result,no cv result,no cv result,no cv result,no cv result,0.1829,"[0.0086, 0.1937, 0.9914, 0.7648]"
crop_1397_IMAG1884.JPG,common wildebeest,19,Chordata,mammalia,artiodactyla,bovidae,connochaetes,taurinus,0.9103,"[0.0, 0.003, 0.9954, 0.9819]"
crop_1398_IMAG1884.JPG,common wildebeest,19,Chordata,mammalia,artiodactyla,bovidae,connochaetes,taurinus,0.9522,"[0.031, 0.0449, 0.9535, 0.7224]"
crop_1399_IMAG1648.JPG,blank,7,Chordata,,,,,,0.9969,"[0.27, 0.0, 0.23, 0.1477]"
crop_13_IMAG2310.JPG,gemsbok,30,Chordata,mammalia,artiodactyla,bovidae,oryx,gazella,0.6642,"[0.0291, 0.1262, 0.9709, 0.8554]"
crop_1400_IMAG1890.JPG,common wildebeest,19,Chordata,mammalia,artiodactyla,bovidae,connochaetes,taurinus,0.9589,"[0.0, 0.0, 0.9915, 0.9923]"
crop_1401_IMAG1890.JPG,mammal,38,Chordata,mammalia,,,,,0.8505,"[0.0109, 0.0, 0.9847, 1.0]"
crop_1402_IMAG1890.JPG,animal,2,Chordata,,,,,,0.5434,"[0.0, 0.0621, 0.9597, 0.8385]"
crop_1403_IMAG1890.JPG,common wildebeest,19,Chordata,mammalia,artiodactyla,bovidae,connochaetes,taurinus,0.9457,"[0.1783, 0.0, 0.8217, 0.9832]"
crop_1404_IMAG2341.JPG,bird,4,Chordata,aves,,,,,0.7196,"[0.0, 0.0, 0.9456, 0.9615]"
crop_1406_IMAG1660.JPG,bovidae family,9,Chordata,mammalia,artiodactyla,bovidae,,,0.691,"[0.0, 0.0009, 0.9885, 0.9819]"
crop_1409_IMAG2194.JPG,carnivorous mammal,12,Chordata,mammalia,carnivora,,,,0.6623,"[0.0, 0.0, 0.9979, 1.0]"
crop_140_IMAG1544.JPG,bird,4,Chordata,aves,,,,,0.7849,"[0.0, 0.0079, 1.0, 0.9921]"
crop_1411_IMAG2180.JPG,canis species,11,Chordata,mammalia,carnivora,canidae,canis,,0.9498,"[0.0016, 0.0052, 0.9984, 0.9895]"
crop_1412_IMAG2157.JPG,bird,4,Chordata,aves,,,,,0.8193,"[0.0103, 0.0526, 0.9381, 0.9158]"
crop_1413_IMAG2157.JPG,blank,7,Chordata,,,,,,1.0,"[0.0, 0.1807, 0.044, 0.1205]"
crop_1414_IMAG2157.JPG,odontophoridae family,40,Chordata,aves,galliformes,odontophoridae,,,0.871,"[0.0541, 0.0, 0.8378, 0.9306]"
crop_1415_IMAG2157.JPG,no cv result,39,Chordata,no cv result,no cv result,no cv result,no cv result,no cv result,0.415,"[0.125, 0.1594, 0.7, 0.7391]"
crop_1416_IMAG2157.JPG,no cv result,39,Chordata,no cv result,no cv result,no cv result,no cv result,no cv result,0.7957,"[0.0556, 0.3243, 0.9333, 0.5]"
crop_1417_IMAG2157.JPG,no cv result,39,Chordata,no cv result,no cv result,no cv result,no cv result,no cv result,0.4084,"[0.0462, 0.0164, 0.8462, 0.9016]"
crop_1420_IMAG0032.JPG,bird,4,Chordata,aves,,,,,0.7475,"[0.0036, 0.0252, 0.9964, 0.9496]"
crop_1421_IMAG0032.JPG,bird,4,Chordata,aves,,,,,0.6607,"[0.043, 0.0595, 0.957, 0.8452]"
crop_1422_IMAG0032.JPG,bird,4,Chordata,aves,,,,,0.9143,"[0.0075, 0.0245, 0.9701, 0.9202]"
crop_1423_IMAG0032.JPG,no cv result,39,Chordata,no cv result,no cv result,no cv result,no cv result,no cv result,0.9835,"[0.0, 0.04, 0.1119, 0.456]"
crop_1424_IMAG0032.JPG,blank,7,Chordata,,,,,,0.996,"[0.0, 0.0903, 0.3276, 0.6111]"
crop_1425_IMAG0032.JPG,blank,7,Chordata,,,,,,0.8389,"[0.2712, 0.0957, 0.5932, 0.766]"
crop_1426_IMAG0032.JPG,bird,4,Chordata,aves,,,,,0.7739,"[0.01, 0.0114, 0.99, 0.9886]"
crop_1427_IMAG0032.JPG,bird,4,Chordata,aves,,,,,0.6528,"[0.0435, 0.0, 0.8696, 0.9811]"
crop_1428_IMAG2143.JPG,canine family,10,Chordata,mammalia,carnivora,canidae,,,0.9717,"[0.0013, 0.0074, 0.9962, 0.9901]"
crop_1429_IMAG1462.JPG,bovidae family,9,Chordata,mammalia,artiodactyla,bovidae,,,0.9157,"[0.0021, 0.1377, 0.9947, 0.8533]"
crop_142_IMAG2059.JPG,gemsbok,30,Chordata,mammalia,artiodactyla,bovidae,oryx,gazella,0.812,"[0.0014, 0.0, 0.9951, 1.0]"
crop_1430_IMAG1304.JPG,animal,2,Chordata,,,,,,0.7444,"[0.1094, 0.0297, 0.8594, 0.8911]"
crop_1431_IMAG1310.JPG,bird,4,Chordata,aves,,,,,0.8685,"[0.0165, 0.0198, 0.9615, 0.9406]"
crop_1432_IMAG1310.JPG,bird,4,Chordata,aves,,,,,0.8505,"[0.029, 0.0481, 0.8696, 0.877]"
crop_1433_IMAG1476.JPG,hartebeest,33,Chordata,mammalia,artiodactyla,bovidae,alcelaphus,buselaphus,0.8733,"[0.0, 0.0, 1.0, 1.0]"
crop_1434_IMAG1476.JPG,blank,7,Chordata,,,,,,0.954,"[0.0, 0.7974, 0.3717, 0.2026]"
crop_1437_IMAG1460.JPG,bovidae family,9,Chordata,mammalia,artiodactyla,bovidae,,,0.6597,"[0.0262, 0.0965, 0.9738, 0.6608]"
crop_1439_IMAG1474.JPG,mammal,38,Chordata,mammalia,,,,,0.7657,"[0.0085, 0.0, 0.9891, 0.962]"
crop_1440_IMAG1474.JPG,artiodactyla order,3,Chordata,mammalia,artiodactyla,,,,0.6816,"[0.0, 0.5411, 0.6197, 0.4156]"
crop_1442_IMAG0024.JPG,common wildebeest,19,Chordata,mammalia,artiodactyla,bovidae,connochaetes,taurinus,0.9533,"[0.0, 0.0111, 0.9867, 0.9852]"
crop_1443_IMAG2155.JPG,giraffe,31,Chordata,mammalia,artiodactyla,giraffidae,giraffa,camelopardalis,0.9736,"[0.0053, 0.0, 0.9947, 1.0]"
crop_1445_IMAG2141.JPG,bovidae family,9,Chordata,mammalia,artiodactyla,bovidae,,,0.777,"[0.0, 0.0244, 0.9953, 0.8638]"
crop_1446_IMAG0030.JPG,bird,4,Chordata,aves,,,,,0.7439,"[0.0, 0.0435, 0.9556, 0.913]"
crop_1447_IMAG0030.JPG,bird,4,Chordata,aves,,,,,0.6758,"[0.0452, 0.0748, 0.871, 0.7944]"
crop_1448_IMAG2196.JPG,canine family,10,Chordata,mammalia,carnivora,canidae,,,0.8297,"[0.0, 0.0024, 1.0, 0.9952]"
crop_1449_IMAG2182.JPG,bovidae family,9,Chordata,mammalia,artiodactyla,bovidae,,,0.7548,"[0.0169, 0.0074, 0.9831, 0.9485]"
crop_1451_IMAG2419.JPG,bovidae family,9,Chordata,mammalia,artiodactyla,bovidae,,,0.6989,"[0.0108, 0.2043, 0.9892, 0.7544]"
crop_1453_IMAG1886.JPG,common wildebeest,19,Chordata,mammalia,artiodactyla,bovidae,connochaetes,taurinus,0.9198,"[0.0, 0.0, 0.9911, 0.996]"
crop_1454_IMAG1886.JPG,common wildebeest,19,Chordata,mammalia,artiodactyla,bovidae,connochaetes,taurinus,0.8799,"[0.0078, 0.0893, 0.9765, 0.7351]"
crop_1455_IMAG1886.JPG,mammal,38,Chordata,mammalia,,,,,0.6656,"[0.0044, 0.0, 0.9956, 0.9862]"
crop_1456_IMAG2357.JPG,animal,2,Chordata,,,,,,0.9098,"[0.0097, 0.0186, 0.9805, 0.9752]"
crop_1457_IMAG2357.JPG,no cv result,39,Chordata,no cv result,no cv result,no cv result,no cv result,no cv result,0.2539,"[0.007, 0.0, 0.993, 0.9932]"
crop_1458_IMAG2357.JPG,bird,4,Chordata,aves,,,,,0.8187,"[0.0049, 0.0, 0.9024, 0.9798]"
crop_1459_IMAG2357.JPG,animal,2,Chordata,,,,,,0.6151,"[0.0909, 0.2239, 0.8182, 0.7612]"
crop_1460_IMAG2431.JPG,struthioniformes order,50,Chordata,aves,struthioniformes,,,,0.987,"[0.0, 0.0, 0.9886, 1.0]"
crop_1461_IMAG2431.JPG,struthioniformes order,50,Chordata,aves,struthioniformes,,,,0.9749,"[0.0, 0.0, 1.0, 0.9731]"
crop_1462_IMAG2431.JPG,struthioniformes order,50,Chordata,aves,struthioniformes,,,,0.9938,"[0.0, 0.0042, 0.9908, 0.9708]"
crop_1463_IMAG2425.JPG,bird,4,Chordata,aves,,,,,0.7992,"[0.0068, 0.0286, 0.9932, 0.9619]"
crop_1464_IMAG2425.JPG,bird,4,Chordata,aves,,,,,0.7412,"[0.0337, 0.0506, 0.9551, 0.9367]"
crop_1466_IMAG1892.JPG,common wildebeest,19,Chordata,mammalia,artiodactyla,bovidae,connochaetes,taurinus,0.9531,"[0.0026, 0.0, 0.9896, 0.9903]"
crop_1467_IMAG1892.JPG,common wildebeest,19,Chordata,mammalia,artiodactyla,bovidae,connochaetes,taurinus,0.9176,"[0.0023, 0.0091, 0.9953, 0.9909]"
crop_1468_IMAG1879.JPG,bird,4,Chordata,aves,,,,,0.897,"[0.0, 0.0, 0.9878, 1.0]"
crop_1469_IMAG1879.JPG,bird,4,Chordata,aves,,,,,0.7722,"[0.5911, 0.3296, 0.2911, 0.6494]"
crop_146_IMAG1592.JPG,bird,4,Chordata,aves,,,,,0.8353,"[0.0174, 0.08, 0.9767, 0.8933]"
crop_1470_IMAG1879.JPG,bird,4,Chordata,aves,,,,,0.747,"[0.0, 0.0233, 0.9913, 0.8837]"
crop_1471_IMAG2394.JPG,common ostrich,18,Chordata,aves,struthioniformes,struthionidae,struthio,camelus,0.8838,"[0.0172, 0.0135, 0.9741, 0.9461]"
crop_1472_IMAG1845.JPG,blank,7,Chordata,,,,,,0.9605,"[0.1579, 0.3786, 0.386, 0.5146]"
crop_1473_IMAG1845.JPG,blank,7,Chordata,,,,,,0.9996,"[0.3393, 0.6023, 0.5893, 0.3636]"
crop_1474_IMAG1845.JPG,no cv result,39,Chordata,no cv result,no cv result,no cv result,no cv result,no cv result,0.3933,"[0.08, 0.029, 0.86, 0.913]"
crop_1475_IMAG1689.JPG,bird,4,Chordata,aves,,,,,0.8999,"[0.0092, 0.0648, 0.9725, 0.9259]"
crop_1477_IMAG2380.JPG,bovidae family,9,Chordata,mammalia,artiodactyla,bovidae,,,0.6927,"[0.0068, 0.0248, 0.9909, 0.7739]"
crop_1478_IMAG1716.JPG,bird,4,Chordata,aves,,,,,0.7744,"[0.0, 0.0976, 1.0, 0.9024]"
crop_1479_IMAG1702.JPG,bird,4,Chordata,aves,,,,,0.877,"[0.1967, 0.0093, 0.7869, 0.972]"
crop_1480_IMAG2223.JPG,animal,2,Chordata,,,,,,0.8662,"[0.0, 0.0, 0.989, 1.0]"
crop_1481_IMAG2237.JPG,bovidae family,9,Chordata,mammalia,artiodactyla,bovidae,,,0.8543,"[0.0028, 0.0, 0.9852, 1.0]"
crop_1484_IMAG1925.JPG,no cv result,39,Chordata,no cv result,no cv result,no cv result,no cv result,no cv result,0.188,"[0.2956, 0.1242, 0.7044, 0.8758]"
crop_1485_IMAG1925.JPG,canine family,10,Chordata,mammalia,carnivora,canidae,,,0.7193,"[0.0, 0.0, 1.0, 1.0]"
crop_1486_IMAG1514.JPG,bird,4,Chordata,aves,,,,,0.6997,"[0.0794, 0.0726, 0.8333, 0.7989]"
crop_1489_IMAG0178.JPG,bird,4,Chordata,aves,,,,,0.7386,"[0.0083, 0.02, 0.975, 0.9467]"
crop_148_IMAG2058.JPG,bovidae family,9,Chordata,mammalia,artiodactyla,bovidae,,,0.8332,"[0.018, 0.0024, 0.98, 0.9109]"
crop_1490_IMAG0150.JPG,hartebeest,33,Chordata,mammalia,artiodactyla,bovidae,alcelaphus,buselaphus,0.7623,"[0.0, 0.0, 0.998, 1.0]"
crop_1493_IMAG2035.JPG,canis species,11,Chordata,mammalia,carnivora,canidae,canis,,0.8371,"[0.0042, 0.0, 0.9896, 1.0]"
crop_1495_IMAG0187.JPG,bird,4,Chordata,aves,,,,,0.8465,"[0.0114, 0.0055, 0.9773, 0.989]"
crop_1496_IMAG0187.JPG,bird,4,Chordata,aves,,,,,0.6941,"[0.0796, 0.0113, 0.9204, 0.9887]"
crop_1497_IMAG0187.JPG,animal,2,Chordata,,,,,,0.891,"[0.026, 0.0, 0.9697, 0.996]"
crop_1498_IMAG0187.JPG,blank,7,Chordata,,,,,,0.8628,"[0.1739, 0.0833, 0.6957, 0.7708]"
crop_14_IMAG2462.JPG,bovidae family,9,Chordata,mammalia,artiodactyla,bovidae,,,0.7138,"[0.003, 0.0, 0.994, 0.9952]"
crop_1501_IMAG0186.JPG,bird,4,Chordata,aves,,,,,0.977,"[0.0077, 0.0023, 0.9231, 0.9932]"
crop_1507_IMAG1501.JPG,animal,2,Chordata,,,,,,0.8402,"[0.0446, 0.0054, 0.9427, 0.9946]"
crop_1508_IMAG1501.JPG,bird,4,Chordata,aves,,,,,0.8958,"[0.028, 0.0263, 0.9159, 0.9474]"
crop_1509_IMAG1501.JPG,bird,4,Chordata,aves,,,,,0.7364,"[0.0355, 0.1023, 0.9504, 0.8864]"
crop_1510_IMAG2008.JPG,corvus species,22,Chordata,aves,passeriformes,corvidae,corvus,,0.8082,"[0.0114, 0.0082, 0.9886, 0.9918]"
crop_1511_IMAG2008.JPG,corvus species,22,Chordata,aves,passeriformes,corvidae,corvus,,0.878,"[0.0, 0.0087, 0.9756, 0.9826]"
crop_1512_IMAG0179.JPG,bird,4,Chordata,aves,,,,,0.6803,"[0.0152, 0.0064, 0.9697, 0.9872]"
crop_1517_IMAG2236.JPG,hartebeest,33,Chordata,mammalia,artiodactyla,bovidae,alcelaphus,buselaphus,0.7884,"[0.001, 0.0065, 0.999, 0.9935]"
crop_1518_IMAG2222.JPG,secretarybird,48,Chordata,aves,accipitriformes,sagittariidae,sagittarius,serpentarius,0.852,"[0.0077, 0.0, 0.9923, 1.0]"
crop_151_IMAG1545.JPG,animal,2,Chordata,,,,,,0.8684,"[0.069, 0.1489, 0.8736, 0.7234]"
crop_1521_IMAG2381.JPG,greater kudu,32,Chordata,mammalia,artiodactyla,bovidae,tragelaphus,strepsiceros,0.6523,"[0.0, 0.0065, 1.0, 0.9903]"
crop_1522_IMAG1850.JPG,bird,4,Chordata,aves,,,,,0.8012,"[0.0065, 0.166, 0.9613, 0.7319]"
crop_1523_IMAG1850.JPG,animal,2,Chordata,,,,,,0.7758,"[0.0169, 0.0075, 0.9831, 0.9812]"
crop_1524_IMAG1850.JPG,bird,4,Chordata,aves,,,,,0.7048,"[0.0, 0.0308, 0.9459, 0.9026]"
crop_1525_IMAG1850.JPG,animal,2,Chordata,,,,,,0.5761,"[0.0086, 0.0778, 0.9138, 0.9111]"
crop_1526_IMAG1850.JPG,columbidae family,16,Chordata,aves,columbiformes,columbidae,,,0.7182,"[0.0135, 0.0, 0.9662, 0.8911]"
crop_1527_IMAG1850.JPG,bird,4,Chordata,aves,,,,,0.7424,"[0.0, 0.0, 0.9688, 0.931]"
crop_1528_IMAG1850.JPG,bird,4,Chordata,aves,,,,,0.8037,"[0.0, 0.0, 0.9785, 0.9877]"
crop_1529_IMAG1850.JPG,animal,2,Chordata,,,,,,0.82,"[0.0, 0.0066, 1.0, 0.9735]"
crop_1530_IMAG1688.JPG,bird,4,Chordata,aves,,,,,0.7262,"[0.0236, 0.0612, 0.6047, 0.9184]"
crop_1531_IMAG1844.JPG,canine family,10,Chordata,mammalia,carnivora,canidae,,,0.9658,"[0.0429, 0.0057, 0.9571, 0.9602]"
crop_1533_IMAG1878.JPG,animal,2,Chordata,,,,,,0.6657,"[0.0021, 0.0, 0.9871, 0.9803]"
crop_1534_IMAG1878.JPG,bird,4,Chordata,aves,,,,,0.746,"[0.0102, 0.008, 0.9847, 0.9761]"
crop_1535_IMAG2424.JPG,common wildebeest,19,Chordata,mammalia,artiodactyla,bovidae,connochaetes,taurinus,0.9386,"[0.0, 0.0, 0.9923, 1.0]"
crop_1536_IMAG1893.JPG,corvus species,22,Chordata,aves,passeriformes,corvidae,corvus,,0.8068,"[0.0075, 0.007, 0.9701, 0.8182]"
crop_1537_IMAG1893.JPG,corvus species,22,Chordata,aves,passeriformes,corvidae,corvus,,0.9497,"[0.0, 0.0197, 1.0, 0.9211]"
crop_1539_IMAG2356.JPG,gemsbok,30,Chordata,mammalia,artiodactyla,bovidae,oryx,gazella,0.9593,"[0.0057, 0.2149, 0.9923, 0.7391]"
crop_1540_IMAG1887.JPG,animal,2,Chordata,,,,,,0.9673,"[0.0035, 0.0, 0.9876, 1.0]"
crop_1541_IMAG1887.JPG,common wildebeest,19,Chordata,mammalia,artiodactyla,bovidae,connochaetes,taurinus,0.89,"[0.0048, 0.0089, 0.9904, 0.9786]"
crop_1542_IMAG1887.JPG,common wildebeest,19,Chordata,mammalia,artiodactyla,bovidae,connochaetes,taurinus,0.8087,"[0.0, 0.0, 1.0, 0.9959]"
crop_1543_IMAG2430.JPG,struthioniformes order,50,Chordata,aves,struthioniformes,,,,0.9937,"[0.0169, 0.2157, 0.9662, 0.732]"
crop_1544_IMAG2418.JPG,carnivorous mammal,12,Chordata,mammalia,carnivora,,,,0.8084,"[0.0, 0.0, 1.0, 0.9946]"
crop_1545_IMAG1677.JPG,corvus species,22,Chordata,aves,passeriformes,corvidae,corvus,,0.928,"[0.0132, 0.0, 0.9735, 0.9768]"
crop_1546_IMAG1677.JPG,animal,2,Chordata,,,,,,0.6535,"[0.0, 0.0465, 1.0, 0.9535]"
crop_1548_IMAG2183.JPG,bird,4,Chordata,aves,,,,,0.8012,"[0.0, 0.0, 1.0, 1.0]"
crop_1549_IMAG2197.JPG,cat family,13,Chordata,mammalia,carnivora,felidae,,,0.9933,"[0.0, 0.0, 1.0, 0.9937]"
crop_154_IMAG0101.JPG,bird,4,Chordata,aves,,,,,0.6761,"[0.0565, 0.0336, 0.9032, 0.8571]"
crop_1550_IMAG2140.JPG,artiodactyla order,3,Chordata,mammalia,artiodactyla,,,,0.7969,"[0.0, 0.0, 1.0, 0.998]"
crop_1552_IMAG0031.JPG,animal,2,Chordata,,,,,,0.8014,"[0.0173, 0.0116, 0.9723, 0.9826]"
crop_1553_IMAG0031.JPG,bird,4,Chordata,aves,,,,,0.7058,"[0.0171, 0.0683, 0.9402, 0.7366]"
crop_1554_IMAG0031.JPG,bird,4,Chordata,aves,,,,,0.7307,"[0.009, 0.0482, 0.964, 0.9398]"
crop_1556_IMAG2154.JPG,giraffe,31,Chordata,mammalia,artiodactyla,giraffidae,giraffa,camelopardalis,0.9823,"[0.0049, 0.0, 0.9951, 1.0]"
crop_1557_IMAG1475.JPG,oryx species,42,Chordata,mammalia,artiodactyla,bovidae,oryx,,0.7931,"[0.0, 0.0044, 0.9856, 0.7659]"
crop_1558_IMAG1313.JPG,bird,4,Chordata,aves,,,,,0.6512,"[0.0, 0.0036, 0.9639, 0.9964]"
crop_1559_IMAG1313.JPG,bird,4,Chordata,aves,,,,,0.9363,"[0.0, 0.0, 0.9468, 0.9517]"
crop_1561_IMAG0019.JPG,cat family,13,Chordata,mammalia,carnivora,felidae,,,0.9716,"[0.0, 0.0, 1.0, 1.0]"
crop_1562_IMAG2168.JPG,canine family,10,Chordata,mammalia,carnivora,canidae,,,0.996,"[0.0297, 0.0122, 0.9307, 0.9265]"
crop_1565_IMAG2133.JPG,bovidae family,9,Chordata,mammalia,artiodactyla,bovidae,,,0.7643,"[0.0204, 0.2145, 0.9649, 0.7269]"
crop_1566_IMAG2127.JPG,bovidae family,9,Chordata,mammalia,artiodactyla,bovidae,,,0.7164,"[0.0, 0.0, 1.0, 0.998]"
crop_1567_IMAG0056.JPG,bird,4,Chordata,aves,,,,,0.6982,"[0.0112, 0.0123, 0.9831, 0.9672]"
crop_156_IMAG1579.JPG,no cv result,39,Chordata,no cv result,no cv result,no cv result,no cv result,no cv result,0.0843,"[0.0, 0.0, 1.0, 1.0]"
crop_1570_IMAG1406.JPG,no cv result,39,Chordata,no cv result,no cv result,no cv result,no cv result,no cv result,0.914,"[0.0109, 0.1042, 0.9565, 0.7708]"
crop_1571_IMAG1406.JPG,bird,4,Chordata,aves,,,,,0.7264,"[0.0, 0.0226, 1.0, 0.9774]"
crop_1572_IMAG1412.JPG,animal,2,Chordata,,,,,,0.8864,"[0.0037, 0.0182, 0.9738, 0.9818]"
crop_1573_IMAG1374.JPG,bovidae family,9,Chordata,mammalia,artiodactyla,bovidae,,,0.7086,"[0.0152, 0.4118, 0.9848, 0.4975]"
crop_1574_IMAG0081.JPG,no cv result,39,Chordata,no cv result,no cv result,no cv result,no cv result,no cv result,0.1439,"[0.0186, 0.2152, 0.9814, 0.7414]"
crop_1575_IMAG0095.JPG,bird,4,Chordata,aves,,,,,0.7278,"[0.1779, 0.0737, 0.8077, 0.8895]"
crop_1576_IMAG0095.JPG,bird,4,Chordata,aves,,,,,0.6623,"[0.0414, 0.1097, 0.9517, 0.7367]"
crop_1577_IMAG0095.JPG,bird,4,Chordata,aves,,,,,0.7193,"[0.2041, 0.064, 0.7551, 0.912]"
crop_1578_IMAG0095.JPG,no cv result,39,Chordata,no cv result,no cv result,no cv result,no cv result,no cv result,0.3214,"[0.0109, 0.0, 0.9348, 0.9912]"
crop_157_IMAG2299.JPG,bovidae family,9,Chordata,mammalia,artiodactyla,bovidae,,,0.7299,"[0.0039, 0.0095, 0.9941, 0.968]"
crop_1581_IMAG2457.JPG,canine family,10,Chordata,mammalia,carnivora,canidae,,,0.9871,"[0.0103, 0.0, 0.9485, 0.9966]"
crop_1582_IMAG2443.JPG,mammal,38,Chordata,mammalia,,,,,0.7781,"[0.0018, 0.0, 0.9946, 0.9908]"
crop_1584_IMAG1604.JPG,bird,4,Chordata,aves,,,,,0.7634,"[0.0054, 0.0159, 0.9301, 0.9683]"
crop_1585_IMAG2319.JPG,mammal,38,Chordata,mammalia,,,,,0.7251,"[0.0055, 0.0, 0.9899, 1.0]"
crop_1586_IMAG1610.JPG,bird,4,Chordata,aves,,,,,0.7982,"[0.0111, 0.0, 0.9667, 1.0]"
crop_1587_IMAG1610.JPG,animal,2,Chordata,,,,,,0.5612,"[0.0, 0.0, 0.414, 0.9512]"
crop_1588_IMAG1610.JPG,no cv result,39,Chordata,no cv result,no cv result,no cv result,no cv result,no cv result,0.4238,"[0.5204, 0.2054, 0.3469, 0.7321]"
crop_1589_IMAG1823.JPG,no cv result,39,Chordata,no cv result,no cv result,no cv result,no cv result,no cv result,0.1838,"[0.0, 0.6555, 0.6964, 0.3445]"
crop_158_IMAG1790.JPG,gemsbok,30,Chordata,mammalia,artiodactyla,bovidae,oryx,gazella,0.8298,"[0.001, 0.0049, 0.999, 0.9827]"
crop_1590_IMAG1837.JPG,plains zebra,45,Chordata,mammalia,perissodactyla,equidae,equus,quagga,0.8775,"[0.0012, 0.0, 0.9938, 0.9585]"
crop_1594_IMAG1980.JPG,no cv result,39,Chordata,no cv result,no cv result,no cv result,no cv result,no cv result,0.8946,"[0.0816, 0.0429, 0.7959, 0.9429]"
crop_1595_IMAG2251.JPG,equus species,29,Chordata,mammalia,perissodactyla,equidae,equus,,0.6834,"[0.0, 0.0, 1.0, 1.0]"
crop_1597_IMAG2279.JPG,rheidae family,46,Chordata,aves,struthioniformes,rheidae,,,0.8491,"[0.0, 0.0, 0.9969, 1.0]"
crop_1598_IMAG2279.JPG,no cv result,39,Chordata,no cv result,no cv result,no cv result,no cv result,no cv result,0.1812,"[0.4472, 0.2263, 0.3478, 0.708]"
crop_1599_IMAG2279.JPG,no cv result,39,Chordata,no cv result,no cv result,no cv result,no cv result,no cv result,0.169,"[0.2393, 0.0, 0.3932, 0.9773]"
crop_159_IMAG1790.JPG,gemsbok,30,Chordata,mammalia,artiodactyla,bovidae,oryx,gazella,0.7278,"[0.0016, 0.0075, 0.9968, 0.9831]"
crop_15_IMAG2304.JPG,bovidae family,9,Chordata,mammalia,artiodactyla,bovidae,,,0.714,"[0.0, 0.0636, 0.998, 0.9339]"
crop_1601_IMAG1957.JPG,canine family,10,Chordata,mammalia,carnivora,canidae,,,0.9356,"[0.0014, 0.0019, 0.9972, 0.9961]"
crop_1602_IMAG2286.JPG,gemsbok,30,Chordata,mammalia,artiodactyla,bovidae,oryx,gazella,0.731,"[0.0, 0.0018, 1.0, 0.9946]"
crop_1603_IMAG2292.JPG,hartebeest,33,Chordata,mammalia,artiodactyla,bovidae,alcelaphus,buselaphus,0.9272,"[0.0, 0.0, 1.0, 1.0]"
crop_1604_IMAG1943.JPG,animal,2,Chordata,,,,,,0.8291,"[0.0, 0.1864, 0.9911, 0.7373]"
crop_1605_IMAG1943.JPG,no cv result,39,Chordata,no cv result,no cv result,no cv result,no cv result,no cv result,0.3112,"[0.0, 0.0, 1.0, 1.0]"
crop_1607_IMAG2047.JPG,domestic horse,27,Chordata,mammalia,perissodactyla,equidae,equus,caballus,0.8707,"[0.0, 0.0, 1.0, 1.0]"
crop_1608_IMAG2053.JPG,common eland,17,Chordata,mammalia,artiodactyla,bovidae,tragelaphus,oryx,0.8563,"[0.0, 0.0, 0.9975, 1.0]"
crop_1609_IMAG0122.JPG,bird,4,Chordata,aves,,,,,0.6803,"[0.0019, 0.0, 0.9884, 1.0]"
crop_160_IMAG1790.JPG,bird,4,Chordata,aves,,,,,0.7091,"[0.0315, 0.0455, 0.9449, 0.9432]"
crop_1610_IMAG1572.JPG,equus species,29,Chordata,mammalia,perissodactyla,equidae,equus,,0.6513,"[0.0, 0.0, 0.9882, 0.9536]"
crop_1611_IMAG1572.JPG,mammal,38,Chordata,mammalia,,,,,0.731,"[0.0, 0.0, 1.0, 1.0]"
crop_1612_IMAG1572.JPG,bovidae family,9,Chordata,mammalia,artiodactyla,bovidae,,,0.8764,"[0.0, 0.0, 1.0, 1.0]"
crop_1613_IMAG1572.JPG,blank,7,Chordata,,,,,,0.5592,"[0.0, 0.0, 1.0, 1.0]"
crop_1614_IMAG1566.JPG,bovidae family,9,Chordata,mammalia,artiodactyla,bovidae,,,0.9568,"[0.0315, 0.0, 0.9665, 0.9739]"
crop_1615_IMAG1566.JPG,mammal,38,Chordata,mammalia,,,,,0.7928,"[0.0, 0.0, 1.0, 1.0]"
crop_1616_IMAG2084.JPG,oryx species,42,Chordata,mammalia,artiodactyla,bovidae,oryx,,0.8292,"[0.0026, 0.0052, 0.9974, 0.9948]"
crop_1617_IMAG1599.JPG,no cv result,39,Chordata,no cv result,no cv result,no cv result,no cv result,no cv result,0.3173,"[0.0741, 0.0446, 0.8981, 0.8571]"
crop_1618_IMAG2090.JPG,common wildebeest,19,Chordata,mammalia,artiodactyla,bovidae,connochaetes,taurinus,0.934,"[0.0, 0.0, 0.9937, 0.9915]"
crop_1619_IMAG2091.JPG,common wildebeest,19,Chordata,mammalia,artiodactyla,bovidae,connochaetes,taurinus,0.9664,"[0.0019, 0.2098, 0.9866, 0.7433]"
crop_161_IMAG1790.JPG,gemsbok,30,Chordata,mammalia,artiodactyla,bovidae,oryx,gazella,0.8486,"[0.1217, 0.0475, 0.8754, 0.9472]"
crop_1620_IMAG1598.JPG,bird,4,Chordata,aves,,,,,0.6875,"[0.0641, 0.0244, 0.7179, 0.7805]"
crop_1622_IMAG1567.JPG,bovidae family,9,Chordata,mammalia,artiodactyla,bovidae,,,0.661,"[0.0104, 0.1104, 0.9896, 0.6871]"
crop_1623_IMAG1573.JPG,bovidae family,9,Chordata,mammalia,artiodactyla,bovidae,,,0.6865,"[0.1694, 0.0446, 0.6366, 0.9471]"
crop_1624_IMAG2052.JPG,bovidae family,9,Chordata,mammalia,artiodactyla,bovidae,,,0.6732,"[0.0037, 0.1985, 0.9682, 0.7194]"
crop_1627_IMAG2046.JPG,mammal,38,Chordata,mammalia,,,,,0.7093,"[0.0, 0.0, 1.0, 1.0]"
crop_1628_IMAG2046.JPG,blank,7,Chordata,,,,,,0.9455,"[0.2685, 0.2514, 0.7216, 0.7457]"
crop_1629_IMAG1942.JPG,blank,7,Chordata,,,,,,0.9989,"[0.0, 0.393, 0.1057, 0.1891]"
crop_162_IMAG1948.JPG,canine family,10,Chordata,mammalia,carnivora,canidae,,,0.7525,"[0.0, 0.0, 0.9966, 1.0]"
crop_1630_IMAG1942.JPG,no cv result,39,Chordata,no cv result,no cv result,no cv result,no cv result,no cv result,0.2209,"[0.0093, 0.0, 0.9813, 1.0]"
crop_1632_IMAG2287.JPG,gemsbok,30,Chordata,mammalia,artiodactyla,bovidae,oryx,gazella,0.7048,"[0.0047, 0.0097, 0.9937, 0.9864]"
crop_1633_IMAG1956.JPG,canine family,10,Chordata,mammalia,carnivora,canidae,,,0.9913,"[0.0, 0.0, 0.9954, 0.99]"
crop_1634_IMAG1765.JPG,secretarybird,48,Chordata,aves,accipitriformes,sagittariidae,sagittarius,serpentarius,0.8573,"[0.066, 0.0, 0.9289, 1.0]"
crop_1637_IMAG2250.JPG,blank,7,Chordata,,,,,,0.998,"[0.4926, 0.3274, 0.118, 0.0553]"
crop_163_IMAG1784.JPG,bird,4,Chordata,aves,,,,,0.8137,"[0.0, 0.0076, 0.9817, 0.947]"
crop_1644_IMAG1611.JPG,bird,4,Chordata,aves,,,,,0.7714,"[0.011, 0.2919, 0.9724, 0.6938]"
crop_1645_IMAG1611.JPG,bird,4,Chordata,aves,,,,,0.7333,"[0.033, 0.026, 0.9011, 0.9351]"
crop_1646_IMAG1611.JPG,no cv result,39,Chordata,no cv result,no cv result,no cv result,no cv result,no cv result,0.4544,"[0.0405, 0.1135, 0.7297, 0.8298]"
crop_1647_IMAG1611.JPG,bird,4,Chordata,aves,,,,,0.8542,"[0.0, 0.1304, 0.9055, 0.8199]"
crop_1648_IMAG1611.JPG,bird,4,Chordata,aves,,,,,0.8674,"[0.2553, 0.0203, 0.6596, 0.9392]"
crop_1649_IMAG2318.JPG,struthioniformes order,50,Chordata,aves,struthioniformes,,,,0.9968,"[0.0, 0.0, 1.0, 0.9913]"
crop_164_IMAG1784.JPG,bird,4,Chordata,aves,,,,,0.676,"[0.0317, 0.0465, 0.9683, 0.9535]"
crop_1650_IMAG1605.JPG,bird,4,Chordata,aves,,,,,0.6502,"[0.0091, 0.0354, 0.8545, 0.9115]"
crop_1655_IMAG2456.JPG,animal,2,Chordata,,,,,,0.712,"[0.002, 0.0, 0.9922, 1.0]"
crop_1656_IMAG0094.JPG,animal,2,Chordata,,,,,,0.6823,"[0.0, 0.0, 1.0, 0.9894]"
crop_1657_IMAG0094.JPG,no cv result,39,Chordata,no cv result,no cv result,no cv result,no cv result,no cv result,0.8312,"[0.0, 0.0, 1.0, 0.8667]"
crop_1658_IMAG0094.JPG,bird,4,Chordata,aves,,,,,0.7539,"[0.0, 0.0094, 0.9545, 0.8774]"
crop_1659_IMAG0094.JPG,no cv result,39,Chordata,no cv result,no cv result,no cv result,no cv result,no cv result,0.3752,"[0.1373, 0.2571, 0.8627, 0.7286]"
crop_165_IMAG1784.JPG,animal,2,Chordata,,,,,,0.7562,"[0.0313, 0.0455, 0.9583, 0.8636]"
crop_1660_IMAG0094.JPG,no cv result,39,Chordata,no cv result,no cv result,no cv result,no cv result,no cv result,0.2861,"[0.0, 0.0581, 0.9437, 0.907]"
crop_1661_IMAG0094.JPG,animal,2,Chordata,,,,,,0.5449,"[0.2326, 0.5408, 0.4244, 0.4592]"
crop_1665_IMAG1361.JPG,vulpes species,52,Chordata,mammalia,carnivora,canidae,vulpes,,0.7065,"[0.0, 0.0, 1.0, 0.9937]"
crop_1666_IMAG1361.JPG,equus species,29,Chordata,mammalia,perissodactyla,equidae,equus,,0.8237,"[0.0, 0.0, 1.0, 1.0]"
crop_1668_IMAG2126.JPG,bovidae family,9,Chordata,mammalia,artiodactyla,bovidae,,,0.9026,"[0.0042, 0.0, 0.9854, 1.0]"
crop_1669_IMAG1349.JPG,equus species,29,Chordata,mammalia,perissodactyla,equidae,equus,,0.8996,"[0.1415, 0.533, 0.3889, 0.4311]"
crop_166_IMAG1784.JPG,blank,7,Chordata,,,,,,0.691,"[0.0, 0.0, 1.0, 1.0]"
crop_1670_IMAG1349.JPG,common wildebeest,19,Chordata,mammalia,artiodactyla,bovidae,connochaetes,taurinus,0.9508,"[0.0012, 0.0, 0.9964, 0.9935]"
crop_1671_IMAG1349.JPG,mammal,38,Chordata,mammalia,,,,,0.9154,"[0.0, 0.004, 0.6145, 0.9741]"
crop_1672_IMAG1349.JPG,bovidae family,9,Chordata,mammalia,artiodactyla,bovidae,,,0.7141,"[0.004, 0.0037, 0.9483, 0.9927]"
crop_1673_IMAG0057.JPG,bird,4,Chordata,aves,,,,,0.9103,"[0.0, 0.0, 0.9773, 0.8171]"
crop_1674_IMAG0043.JPG,no cv result,39,Chordata,no cv result,no cv result,no cv result,no cv result,no cv result,0.4116,"[0.693, 0.0485, 0.2632, 0.6893]"
crop_1675_IMAG0043.JPG,animal,2,Chordata,,,,,,0.6446,"[0.0094, 0.15, 0.9811, 0.7833]"
crop_1676_IMAG2132.JPG,no cv result,39,Chordata,no cv result,no cv result,no cv result,no cv result,no cv result,0.4478,"[0.0, 0.0, 1.0, 1.0]"
crop_1677_IMAG0055.JPG,bird,4,Chordata,aves,,,,,0.7802,"[0.0286, 0.0206, 0.9643, 0.9536]"
crop_1678_IMAG2124.JPG,no cv result,39,Chordata,no cv result,no cv result,no cv result,no cv result,no cv result,0.141,"[0.0005, 0.0, 0.998, 0.9973]"
crop_1679_IMAG1439.JPG,bird,4,Chordata,aves,,,,,0.7559,"[0.0816, 0.049, 0.7755, 0.8725]"
crop_1680_IMAG2130.JPG,oryx species,42,Chordata,mammalia,artiodactyla,bovidae,oryx,,0.7049,"[0.0008, 0.2129, 0.989, 0.7381]"
crop_1681_IMAG2130.JPG,domestic cattle,24,Chordata,mammalia,artiodactyla,bovidae,bos,taurus,0.8673,"[0.0016, 0.188, 0.9967, 0.8016]"
crop_1683_IMAG0069.JPG,black wildebeest,5,Chordata,mammalia,artiodactyla,bovidae,connochaetes,gnou,0.6878,"[0.0, 0.0, 0.9979, 1.0]"
crop_1684_IMAG1377.JPG,bovidae family,9,Chordata,mammalia,artiodactyla,bovidae,,,0.8217,"[0.0043, 0.1482, 0.9957, 0.6742]"
crop_1685_IMAG1411.JPG,bird,4,Chordata,aves,,,,,0.7094,"[0.1812, 0.023, 0.8125, 0.977]"
crop_1686_IMAG2118.JPG,bovidae family,9,Chordata,mammalia,artiodactyla,bovidae,,,0.6526,"[0.0095, 0.2187, 0.985, 0.7445]"
crop_1687_IMAG2118.JPG,cervidae family,14,Chordata,mammalia,artiodactyla,cervidae,,,0.6753,"[0.0027, 0.3384, 0.9945, 0.6606]"
crop_168_IMAG1960.JPG,common wildebeest,19,Chordata,mammalia,artiodactyla,bovidae,connochaetes,taurinus,0.9669,"[0.0046, 0.0038, 0.9876, 0.983]"
crop_1690_IMAG1388.JPG,hartebeest,33,Chordata,mammalia,artiodactyla,bovidae,alcelaphus,buselaphus,0.9818,"[0.0, 0.0, 0.9955, 0.9891]"
crop_1692_IMAG0082.JPG,gemsbok,30,Chordata,mammalia,artiodactyla,bovidae,oryx,gazella,0.6883,"[0.0, 0.0, 0.9935, 1.0]"
crop_1693_IMAG0082.JPG,oryx species,42,Chordata,mammalia,artiodactyla,bovidae,oryx,,0.6904,"[0.0009, 0.0025, 0.9973, 0.9975]"
crop_1694_IMAG2326.JPG,no cv result,39,Chordata,no cv result,no cv result,no cv result,no cv result,no cv result,0.9737,"[0.4522, 0.0127, 0.5478, 0.9747]"
crop_1698_IMAG1613.JPG,common wildebeest,19,Chordata,mammalia,artiodactyla,bovidae,connochaetes,taurinus,0.9747,"[0.0412, 0.0, 0.9536, 0.9916]"
crop_1699_IMAG1613.JPG,no cv result,39,Chordata,no cv result,no cv result,no cv result,no cv result,no cv result,0.8972,"[0.08, 0.125, 0.82, 0.7222]"
crop_169_IMAG1960.JPG,common wildebeest,19,Chordata,mammalia,artiodactyla,bovidae,connochaetes,taurinus,0.9609,"[0.0079, 0.0112, 0.9738, 0.9401]"
crop_1700_IMAG1613.JPG,no cv result,39,Chordata,no cv result,no cv result,no cv result,no cv result,no cv result,0.8709,"[0.1053, 0.0597, 0.8421, 0.8806]"
crop_1701_IMAG1613.JPG,no cv result,39,Chordata,no cv result,no cv result,no cv result,no cv result,no cv result,0.9495,"[0.058, 0.0, 0.8986, 0.9922]"
crop_1703_IMAG1607.JPG,bird,4,Chordata,aves,,,,,0.7429,"[0.018, 0.0312, 0.982, 0.75]"
crop_1704_IMAG1834.JPG,no cv result,39,Chordata,no cv result,no cv result,no cv result,no cv result,no cv result,0.3464,"[0.0171, 0.0, 0.9732, 0.991]"
crop_1705_IMAG1834.JPG,mammal,38,Chordata,mammalia,,,,,0.7518,"[0.0, 0.0, 1.0, 1.0]"
crop_1706_IMAG1820.JPG,equus species,29,Chordata,mammalia,perissodactyla,equidae,equus,,0.7117,"[0.0, 0.0, 1.0, 1.0]"
crop_1709_IMAG2252.JPG,equus species,29,Chordata,mammalia,perissodactyla,equidae,equus,,0.736,"[0.0, 0.0, 1.0, 1.0]"
crop_170_IMAG1960.JPG,common wildebeest,19,Chordata,mammalia,artiodactyla,bovidae,connochaetes,taurinus,0.9494,"[0.0043, 0.0, 0.9914, 1.0]"
crop_1710_IMAG2246.JPG,bovidae family,9,Chordata,mammalia,artiodactyla,bovidae,,,0.7985,"[0.0139, 0.5385, 0.9861, 0.4606]"
crop_1712_IMAG1767.JPG,bird,4,Chordata,aves,,,,,0.6816,"[0.0108, 0.0, 0.9462, 0.9697]"
crop_1718_IMAG2285.JPG,oryx species,42,Chordata,mammalia,artiodactyla,bovidae,oryx,,0.8693,"[0.005, 0.0028, 0.9925, 0.9972]"
crop_171_IMAG1960.JPG,bovidae family,9,Chordata,mammalia,artiodactyla,bovidae,,,0.8888,"[0.284, 0.0, 0.708, 1.0]"
crop_1720_IMAG0121.JPG,animal,2,Chordata,,,,,,0.7141,"[0.0165, 0.0085, 0.9587, 0.9658]"
crop_1721_IMAG2050.JPG,mammal,38,Chordata,mammalia,,,,,0.7171,"[0.0, 0.2066, 0.9905, 0.7445]"
crop_1722_IMAG1559.JPG,oryx species,42,Chordata,mammalia,artiodactyla,bovidae,oryx,,0.7084,"[0.0012, 0.0743, 0.9942, 0.9106]"
crop_1723_IMAG1559.JPG,animal,2,Chordata,,,,,,0.5623,"[0.0, 0.1109, 0.9689, 0.884]"
crop_1724_IMAG1559.JPG,blank,7,Chordata,,,,,,0.9594,"[0.0, 0.0, 0.3672, 0.9906]"
crop_1726_IMAG0135.JPG,animal,2,Chordata,,,,,,0.8321,"[0.0143, 0.0106, 0.9514, 0.8216]"
crop_1727_IMAG0135.JPG,greater kudu,32,Chordata,mammalia,artiodactyla,bovidae,tragelaphus,strepsiceros,0.744,"[0.2892, 0.0053, 0.7085, 0.9814]"
crop_1728_IMAG0135.JPG,greater kudu,32,Chordata,mammalia,artiodactyla,bovidae,tragelaphus,strepsiceros,0.7345,"[0.0043, 0.0, 0.9957, 0.9741]"
crop_1729_IMAG0135.JPG,mammal,38,Chordata,mammalia,,,,,0.7832,"[0.1456, 0.5708, 0.6954, 0.422]"
crop_172_IMAG1753.JPG,bird,4,Chordata,aves,,,,,0.8037,"[0.014, 0.0309, 0.8811, 0.4136]"
crop_1730_IMAG0135.JPG,no cv result,39,Chordata,no cv result,no cv result,no cv result,no cv result,no cv result,0.1403,"[0.0121, 0.1687, 0.8364, 0.8163]"
crop_1731_IMAG0135.JPG,cervidae family,14,Chordata,mammalia,artiodactyla,cervidae,,,0.7732,"[0.2112, 0.0794, 0.7759, 0.8989]"
crop_1732_IMAG0135.JPG,animal,2,Chordata,,,,,,0.7325,"[0.0183, 0.1237, 0.4634, 0.7399]"
crop_1733_IMAG1565.JPG,animal,2,Chordata,,,,,,0.8315,"[0.015, 0.2089, 0.9838, 0.7881]"
crop_1734_IMAG1565.JPG,artiodactyla order,3,Chordata,mammalia,artiodactyla,,,,0.665,"[0.0086, 0.2043, 0.9871, 0.7433]"
crop_1735_IMAG2078.JPG,bird,4,Chordata,aves,,,,,0.8321,"[0.0058, 0.0, 0.9883, 0.954]"
crop_1736_IMAG1571.JPG,oryx species,42,Chordata,mammalia,artiodactyla,bovidae,oryx,,0.6677,"[0.0248, 0.2075, 0.9661, 0.7461]"
crop_1737_IMAG1571.JPG,animal,2,Chordata,,,,,,0.9234,"[0.0744, 0.17, 0.9229, 0.7157]"
crop_1738_IMAG1571.JPG,cervidae family,14,Chordata,mammalia,artiodactyla,cervidae,,,0.9148,"[0.0, 0.0, 1.0, 1.0]"
crop_1739_IMAG0109.JPG,bird,4,Chordata,aves,,,,,0.8055,"[0.0209, 0.0192, 0.9749, 0.9551]"
crop_173_IMAG1753.JPG,bird,4,Chordata,aves,,,,,0.7884,"[0.0, 0.0227, 0.9887, 0.9148]"
crop_1740_IMAG2093.JPG,mammal,38,Chordata,mammalia,,,,,0.6944,"[0.0087, 0.0, 0.9913, 1.0]"
crop_1743_IMAG2092.JPG,common wildebeest,19,Chordata,mammalia,artiodactyla,bovidae,connochaetes,taurinus,0.7242,"[0.0, 0.0, 0.9962, 1.0]"
crop_1744_IMAG1570.JPG,animal,2,Chordata,,,,,,0.7933,"[0.0333, 0.0321, 0.9619, 0.9368]"
crop_1745_IMAG1570.JPG,equidae family,28,Chordata,mammalia,perissodactyla,equidae,,,0.9752,"[0.0043, 0.0, 0.9936, 0.9439]"
crop_1746_IMAG2079.JPG,bird,4,Chordata,aves,,,,,0.7443,"[0.0022, 0.0817, 0.9891, 0.9133]"
crop_1748_IMAG1564.JPG,bovidae family,9,Chordata,mammalia,artiodactyla,bovidae,,,0.7681,"[0.0018, 0.0641, 0.9982, 0.732]"
crop_1750_IMAG0134.JPG,bird,4,Chordata,aves,,,,,0.8328,"[0.0749, 0.2446, 0.9198, 0.75]"
crop_1751_IMAG0134.JPG,corvus species,22,Chordata,aves,passeriformes,corvidae,corvus,,0.7583,"[0.0373, 0.0, 0.9478, 1.0]"
crop_1752_IMAG0134.JPG,bird,4,Chordata,aves,,,,,0.7213,"[0.0374, 0.0316, 0.9626, 0.9263]"
crop_1753_IMAG0134.JPG,blank,7,Chordata,,,,,,1.0,"[0.8957, 0.0, 0.0957, 0.2672]"
crop_1754_IMAG0120.JPG,bird,4,Chordata,aves,,,,,0.7121,"[0.0231, 0.0, 0.6154, 0.9868]"
crop_1755_IMAG1558.JPG,mammal,38,Chordata,mammalia,,,,,0.7259,"[0.0013, 0.0, 0.9934, 0.9863]"
crop_1756_IMAG2051.JPG,canis species,11,Chordata,mammalia,carnivora,canidae,canis,,0.7085,"[0.005, 0.0, 0.9851, 1.0]"
crop_1757_IMAG2051.JPG,blank,7,Chordata,,,,,,0.8496,"[0.3739, 0.408, 0.6261, 0.5896]"
crop_1758_IMAG1969.JPG,common wildebeest,19,Chordata,mammalia,artiodactyla,bovidae,connochaetes,taurinus,0.9384,"[0.0, 0.0, 0.9985, 0.9907]"
crop_1759_IMAG1969.JPG,artiodactyla order,3,Chordata,mammalia,artiodactyla,,,,0.6897,"[0.0, 0.0, 1.0, 0.9942]"
crop_1760_IMAG2284.JPG,bovidae family,9,Chordata,mammalia,artiodactyla,bovidae,,,0.811,"[0.0442, 0.1516, 0.9528, 0.781]"
crop_1763_IMAG1941.JPG,carnivorous mammal,12,Chordata,mammalia,carnivora,,,,0.675,"[0.0038, 0.0, 0.9943, 0.9965]"
crop_1766_IMAG1766.JPG,no cv result,39,Chordata,no cv result,no cv result,no cv result,no cv result,no cv result,0.4175,"[0.0357, 0.0532, 0.8452, 0.8723]"
crop_1767_IMAG1766.JPG,bird,4,Chordata,aves,,,,,0.6902,"[0.0303, 0.0361, 0.947, 0.8916]"
crop_1768_IMAG1766.JPG,secretarybird,48,Chordata,aves,accipitriformes,sagittariidae,sagittarius,serpentarius,0.7337,"[0.0707, 0.0, 0.9192, 1.0]"
crop_1769_IMAG1766.JPG,bird,4,Chordata,aves,,,,,0.685,"[0.0064, 0.0238, 0.9808, 0.9762]"
crop_176_IMAG2272.JPG,common wildebeest,19,Chordata,mammalia,artiodactyla,bovidae,connochaetes,taurinus,0.7562,"[0.0061, 0.1927, 0.9939, 0.7351]"
crop_1770_IMAG1766.JPG,animal,2,Chordata,,,,,,0.6638,"[0.0533, 0.0769, 0.88, 0.9077]"
crop_1771_IMAG1766.JPG,bird,4,Chordata,aves,,,,,0.6982,"[0.0267, 0.1325, 0.7333, 0.7349]"
crop_1772_IMAG1766.JPG,no cv result,39,Chordata,no cv result,no cv result,no cv result,no cv result,no cv result,0.368,"[0.0448, 0.0247, 0.9254, 0.8889]"
crop_1773_IMAG1766.JPG,no cv result,39,Chordata,no cv result,no cv result,no cv result,no cv result,no cv result,0.9684,"[0.2342, 0.1154, 0.5495, 0.6923]"
crop_1774_IMAG1766.JPG,animal,2,Chordata,,,,,,0.6912,"[0.0084, 0.0833, 0.9916, 0.6944]"
crop_1776_IMAG2247.JPG,canine family,10,Chordata,mammalia,carnivora,canidae,,,0.8487,"[0.0064, 0.0, 0.9904, 0.9671]"
crop_1777_IMAG2247.JPG,no cv result,39,Chordata,no cv result,no cv result,no cv result,no cv result,no cv result,0.1554,"[0.0, 0.0, 1.0, 1.0]"
crop_177_IMAG1828.JPG,equus species,29,Chordata,mammalia,perissodactyla,equidae,equus,,0.9264,"[0.0028, 0.0, 0.9861, 0.9946]"
crop_1781_IMAG1821.JPG,equus species,29,Chordata,mammalia,perissodactyla,equidae,equus,,0.7256,"[0.0, 0.0, 1.0, 1.0]"
crop_1782_IMAG1835.JPG,oryx species,42,Chordata,mammalia,artiodactyla,bovidae,oryx,,0.7438,"[0.0243, 0.2138, 0.9726, 0.7308]"
crop_1783_IMAG2469.JPG,bird,4,Chordata,aves,,,,,0.8008,"[0.0092, 0.0, 0.945, 0.9426]"
crop_1784_IMAG2469.JPG,bird,4,Chordata,aves,,,,,0.7731,"[0.0238, 0.0795, 0.9762, 0.8864]"
crop_1785_IMAG2469.JPG,no cv result,39,Chordata,no cv result,no cv result,no cv result,no cv result,no cv result,0.2731,"[0.0, 0.0972, 0.9775, 0.8333]"
crop_1786_IMAG1606.JPG,bird,4,Chordata,aves,,,,,0.8134,"[0.0, 0.0066, 0.9068, 0.9768]"
crop_1787_IMAG1606.JPG,bird,4,Chordata,aves,,,,,0.8414,"[0.0263, 0.0, 0.9474, 0.9894]"
crop_1788_IMAG1606.JPG,bird,4,Chordata,aves,,,,,0.9198,"[0.0153, 0.01, 0.9695, 0.98]"
crop_178_IMAG1828.JPG,common wildebeest,19,Chordata,mammalia,artiodactyla,bovidae,connochaetes,taurinus,0.8879,"[0.0013, 0.0, 0.9987, 1.0]"
crop_1791_IMAG2333.JPG,bird,4,Chordata,aves,,,,,0.7159,"[0.0, 0.0155, 1.0, 0.9819]"
crop_1792_IMAG2327.JPG,secretarybird,48,Chordata,aves,accipitriformes,sagittariidae,sagittarius,serpentarius,0.822,"[0.0213, 0.0, 0.9787, 1.0]"
crop_1794_IMAG0083.JPG,mammal,38,Chordata,mammalia,,,,,0.8405,"[0.0042, 0.3895, 0.9916, 0.344]"
crop_1796_IMAG1389.JPG,gemsbok,30,Chordata,mammalia,artiodactyla,bovidae,oryx,gazella,0.8919,"[0.0, 0.0, 0.9975, 0.9706]"
crop_1797_IMAG1404.JPG,bird,4,Chordata,aves,,,,,0.6852,"[0.0875, 0.0948, 0.875, 0.7414]"
crop_1799_IMAG1376.JPG,gemsbok,30,Chordata,mammalia,artiodactyla,bovidae,oryx,gazella,0.7699,"[0.0, 0.0, 0.9978, 1.0]"
crop_179_IMAG1800.JPG,animal,2,Chordata,,,,,,0.8855,"[0.0034, 0.0326, 0.9966, 0.9581]"
crop_1800_IMAG1376.JPG,domestic horse,27,Chordata,mammalia,perissodactyla,equidae,equus,caballus,0.9205,"[0.0, 0.0, 1.0, 0.9946]"
crop_1801_IMAG0068.JPG,bird,4,Chordata,aves,,,,,0.7421,"[0.0135, 0.191, 0.9392, 0.7487]"
crop_1802_IMAG2119.JPG,mammal,38,Chordata,mammalia,,,,,0.7017,"[0.0, 0.0, 1.0, 1.0]"
crop_1804_IMAG2131.JPG,blank,7,Chordata,,,,,,0.9996,"[0.0667, 0.3026, 0.1778, 0.0855]"
crop_1808_IMAG2125.JPG,common eland,17,Chordata,mammalia,artiodactyla,bovidae,tragelaphus,oryx,0.7444,"[0.0013, 0.0, 0.9935, 0.9978]"
crop_1809_IMAG2125.JPG,mammal,38,Chordata,mammalia,,,,,0.8024,"[0.0, 0.0, 1.0, 0.9894]"
crop_180_IMAG1814.JPG,blank,7,Chordata,,,,,,0.9992,"[0.7478, 0.55, 0.092, 0.2062]"
crop_1811_IMAG1372.JPG,no cv result,39,Chordata,no cv result,no cv result,no cv result,no cv result,no cv result,0.2455,"[0.0, 0.0, 1.0, 0.9925]"
crop_1812_IMAG0078.JPG,bovidae family,9,Chordata,mammalia,artiodactyla,bovidae,,,0.7357,"[0.0049, 0.0045, 0.9926, 0.7132]"
crop_1813_IMAG1366.JPG,bovidae family,9,Chordata,mammalia,artiodactyla,bovidae,,,0.7476,"[0.0011, 0.4167, 0.9978, 0.5833]"
crop_1814_IMAG2109.JPG,no cv result,39,Chordata,no cv result,no cv result,no cv result,no cv result,no cv result,0.1646,"[0.0, 0.0, 1.0, 1.0]"
crop_1815_IMAG1400.JPG,bird,4,Chordata,aves,,,,,0.6658,"[0.0396, 0.0513, 0.9604, 0.9487]"
crop_1816_IMAG1400.JPG,bird,4,Chordata,aves,,,,,0.767,"[0.0059, 0.0656, 0.9882, 0.918]"
crop_1817_IMAG1400.JPG,animal,2,Chordata,,,,,,0.5458,"[0.0357, 0.1, 0.9107, 0.825]"
crop_1818_IMAG1400.JPG,no cv result,39,Chordata,no cv result,no cv result,no cv result,no cv result,no cv result,0.4811,"[0.0241, 0.0526, 0.9518, 0.8947]"
crop_1819_IMAG2121.JPG,canine family,10,Chordata,mammalia,carnivora,canidae,,,0.8863,"[0.0, 0.0046, 1.0, 0.9954]"
crop_181_IMAG2448.JPG,bird,4,Chordata,aves,,,,,0.7506,"[0.0017, 0.0273, 0.9983, 0.9727]"
crop_1823_IMAG2135.JPG,artiodactyla order,3,Chordata,mammalia,artiodactyla,,,,0.8467,"[0.0, 0.0007, 0.999, 0.998]"
crop_1826_IMAG0087.JPG,animal,2,Chordata,,,,,,0.8577,"[0.0109, 0.0809, 0.9864, 0.7008]"
crop_182_IMAG1627.JPG,bird,4,Chordata,aves,,,,,0.8172,"[0.0822, 0.0208, 0.8904, 0.9479]"
crop_1830_IMAG2323.JPG,animal,2,Chordata,,,,,,0.5995,"[0.7778, 0.6182, 0.1746, 0.2545]"
crop_1832_IMAG2451.JPG,artiodactyla order,3,Chordata,mammalia,artiodactyla,,,,0.7208,"[0.0034, 0.0, 0.9897, 0.9954]"
crop_1833_IMAG1819.JPG,mammal,38,Chordata,mammalia,,,,,0.7464,"[0.0162, 0.1895, 0.9838, 0.7545]"
crop_1834_IMAG1831.JPG,equidae family,28,Chordata,mammalia,perissodactyla,equidae,,,0.9023,"[0.005, 0.3732, 0.9884, 0.6232]"
crop_1835_IMAG1831.JPG,gemsbok,30,Chordata,mammalia,artiodactyla,bovidae,oryx,gazella,0.6528,"[0.0, 0.0, 0.9947, 0.997]"
crop_1836_IMAG1831.JPG,gemsbok,30,Chordata,mammalia,artiodactyla,bovidae,oryx,gazella,0.8335,"[0.0, 0.0, 1.0, 0.9881]"
crop_1837_IMAG1825.JPG,artiodactyla order,3,Chordata,mammalia,artiodactyla,,,,0.8798,"[0.0147, 0.0062, 0.9853, 0.7544]"
crop_1838_IMAG1762.JPG,no cv result,39,Chordata,no cv result,no cv result,no cv result,no cv result,no cv result,0.2184,"[0.0615, 0.0157, 0.7846, 0.6378]"
crop_1839_IMAG1762.JPG,blank,7,Chordata,,,,,,0.9988,"[0.0426, 0.098, 0.8404, 0.549]"
crop_183_IMAG1633.JPG,hartebeest,33,Chordata,mammalia,artiodactyla,bovidae,alcelaphus,buselaphus,0.9767,"[0.0066, 0.0331, 0.9921, 0.7377]"
crop_1840_IMAG1762.JPG,no cv result,39,Chordata,no cv result,no cv result,no cv result,no cv result,no cv result,0.7812,"[0.0676, 0.0175, 0.9324, 0.9298]"
crop_1842_IMAG1986.JPG,hartebeest,33,Chordata,mammalia,artiodactyla,bovidae,alcelaphus,buselaphus,0.7527,"[0.0125, 0.0, 0.9875, 1.0]"
crop_1843_IMAG1986.JPG,no cv result,39,Chordata,no cv result,no cv result,no cv result,no cv result,no cv result,0.3787,"[0.1538, 0.4808, 0.7885, 0.5096]"
crop_1844_IMAG1986.JPG,bird,4,Chordata,aves,,,,,0.6662,"[0.44, 0.0211, 0.56, 0.9474]"
crop_1845_IMAG1986.JPG,no cv result,39,Chordata,no cv result,no cv result,no cv result,no cv result,no cv result,0.2556,"[0.0, 0.0, 1.0, 0.9737]"
crop_1846_IMAG2257.JPG,mammal,38,Chordata,mammalia,,,,,0.6529,"[0.0, 0.0, 1.0, 1.0]"
crop_1847_IMAG2243.JPG,no cv result,39,Chordata,no cv result,no cv result,no cv result,no cv result,no cv result,0.3575,"[0.0141, 0.0, 0.9366, 0.8923]"
crop_1848_IMAG1992.JPG,bird,4,Chordata,aves,,,,,0.8221,"[0.026, 0.006, 0.9545, 0.9578]"
crop_1849_IMAG1992.JPG,bird,4,Chordata,aves,,,,,0.7045,"[0.0185, 0.0522, 0.9259, 0.9043]"
crop_184_IMAG2312.JPG,bird,4,Chordata,aves,,,,,0.7879,"[0.0108, 0.0146, 0.9785, 0.9781]"
crop_1850_IMAG1992.JPG,bird,4,Chordata,aves,,,,,0.7591,"[0.0, 0.022, 0.9917, 0.9341]"
crop_1851_IMAG1979.JPG,blank,7,Chordata,,,,,,0.9998,"[0.0159, 0.3333, 0.8095, 0.5882]"
crop_1853_IMAG1945.JPG,blank,7,Chordata,,,,,,0.9723,"[0.639, 0.5411, 0.1867, 0.1986]"
crop_1855_IMAG1789.JPG,oryx species,42,Chordata,mammalia,artiodactyla,bovidae,oryx,,0.788,"[0.0254, 0.01, 0.9701, 0.9811]"
crop_1856_IMAG1789.JPG,animal,2,Chordata,,,,,,0.8081,"[0.0, 0.7873, 0.5246, 0.2127]"
crop_1857_IMAG1789.JPG,bovidae family,9,Chordata,mammalia,artiodactyla,bovidae,,,0.7548,"[0.5328, 0.0, 0.4672, 0.9729]"
crop_1858_IMAG1789.JPG,mammal,38,Chordata,mammalia,,,,,0.6793,"[0.0283, 0.0105, 0.9717, 0.979]"
crop_1859_IMAG1789.JPG,animal,2,Chordata,,,,,,0.8487,"[0.178, 0.0247, 0.82, 0.9753]"
crop_185_IMAG2306.JPG,oryx species,42,Chordata,mammalia,artiodactyla,bovidae,oryx,,0.8052,"[0.0008, 0.0, 0.9977, 1.0]"
crop_1860_IMAG1789.JPG,domestic horse,27,Chordata,mammalia,perissodactyla,equidae,equus,caballus,0.6775,"[0.3736, 0.1798, 0.6226, 0.7671]"
crop_1861_IMAG1789.JPG,blank,7,Chordata,,,,,,0.9967,"[0.3711, 0.9192, 0.3522, 0.0808]"
crop_1862_IMAG2280.JPG,bird,4,Chordata,aves,,,,,0.7503,"[0.0122, 0.0268, 0.9817, 0.9597]"
crop_1863_IMAG2280.JPG,no cv result,39,Chordata,no cv result,no cv result,no cv result,no cv result,no cv result,0.3409,"[0.0, 0.0, 1.0, 0.9954]"
crop_1864_IMAG1560.JPG,oryx species,42,Chordata,mammalia,artiodactyla,bovidae,oryx,,0.7774,"[0.1081, 0.2309, 0.8864, 0.7462]"
crop_1867_IMAG1574.JPG,animal,2,Chordata,,,,,,0.9551,"[0.0071, 0.1926, 0.9929, 0.73]"
crop_1868_IMAG2055.JPG,mammal,38,Chordata,mammalia,,,,,0.8617,"[0.0, 0.0, 1.0, 0.9966]"
crop_1869_IMAG0124.JPG,no cv result,39,Chordata,no cv result,no cv result,no cv result,no cv result,no cv result,0.1271,"[0.0245, 0.0092, 0.9559, 0.9862]"
crop_186_IMAG2460.JPG,bovidae family,9,Chordata,mammalia,artiodactyla,bovidae,,,0.7975,"[0.0, 0.0, 1.0, 0.9986]"
crop_1870_IMAG0130.JPG,no cv result,39,Chordata,no cv result,no cv result,no cv result,no cv result,no cv result,0.4006,"[0.0385, 0.5647, 0.7692, 0.4275]"
crop_1873_IMAG2096.JPG,bird,4,Chordata,aves,,,,,0.6839,"[0.25, 0.0333, 0.5577, 0.8]"
crop_1874_IMAG2096.JPG,bird,4,Chordata,aves,,,,,0.7382,"[0.0392, 0.0351, 0.9412, 0.9298]"
crop_1876_IMAG2083.JPG,bovidae family,9,Chordata,mammalia,artiodactyla,bovidae,,,0.8578,"[0.0, 0.0054, 1.0, 0.9879]"
crop_1878_IMAG0131.JPG,bird,4,Chordata,aves,,,,,0.9152,"[0.046, 0.0027, 0.9437, 0.9416]"
crop_1879_IMAG2040.JPG,black-backed jackal,6,Chordata,mammalia,carnivora,canidae,canis,mesomelas,0.7471,"[0.0011, 0.0055, 0.9979, 0.9904]"
crop_1881_IMAG2054.JPG,bovidae family,9,Chordata,mammalia,artiodactyla,bovidae,,,0.671,"[0.0, 0.2164, 0.9913, 0.7473]"
crop_1882_IMAG2054.JPG,animal,2,Chordata,,,,,,0.7364,"[0.0897, 0.0604, 0.8552, 0.9176]"
crop_1883_IMAG2054.JPG,no cv result,39,Chordata,no cv result,no cv result,no cv result,no cv result,no cv result,0.3478,"[0.0, 0.0, 1.0, 1.0]"
crop_1884_IMAG0125.JPG,animal,2,Chordata,,,,,,0.6604,"[0.0462, 0.0136, 0.8923, 0.9591]"
crop_1885_IMAG0125.JPG,no cv result,39,Chordata,no cv result,no cv result,no cv result,no cv result,no cv result,0.2941,"[0.0, 0.0051, 0.934, 0.9695]"
crop_1886_IMAG1575.JPG,bovidae family,9,Chordata,mammalia,artiodactyla,bovidae,,,0.8251,"[0.0097, 0.287, 0.9883, 0.6977]"
crop_1888_IMAG1561.JPG,oryx species,42,Chordata,mammalia,artiodactyla,bovidae,oryx,,0.8751,"[0.0021, 0.0036, 0.9957, 0.9161]"
crop_188_IMAG1394.JPG,canis species,11,Chordata,mammalia,carnivora,canidae,canis,,0.9143,"[0.0052, 0.0278, 0.9844, 0.95]"
crop_1891_IMAG1788.JPG,corvidae family,21,Chordata,aves,passeriformes,corvidae,,,0.8573,"[0.0173, 0.0074, 0.9307, 0.9628]"
crop_1892_IMAG1950.JPG,bovidae family,9,Chordata,mammalia,artiodactyla,bovidae,,,0.9167,"[0.0, 0.3321, 0.9886, 0.6468]"
crop_1897_IMAG2242.JPG,bird,4,Chordata,aves,,,,,0.7986,"[0.0, 0.0, 1.0, 0.9804]"
crop_1898_IMAG2256.JPG,cervidae family,14,Chordata,mammalia,artiodactyla,cervidae,,,0.7532,"[0.0013, 0.197, 0.9832, 0.7247]"
crop_1902_IMAG1824.JPG,animal,2,Chordata,,,,,,0.7611,"[0.1574, 0.1062, 0.8416, 0.6493]"
crop_1903_IMAG1830.JPG,equidae family,28,Chordata,mammalia,perissodactyla,equidae,,,0.8557,"[0.0079, 0.0, 0.9843, 1.0]"
crop_1906_IMAG2450.JPG,bovidae family,9,Chordata,mammalia,artiodactyla,bovidae,,,0.8319,"[0.0072, 0.4881, 0.9903, 0.5075]"
crop_1907_IMAG2444.JPG,hystrix species,35,Chordata,mammalia,rodentia,hystricidae,hystrix,,0.6624,"[0.0019, 0.0068, 0.9943, 0.9932]"
crop_190_IMAG1343.JPG,blank,7,Chordata,,,,,,0.9959,"[0.0667, 0.0814, 0.9333, 0.8721]"
crop_1910_IMAG1617.JPG,no cv result,39,Chordata,no cv result,no cv result,no cv result,no cv result,no cv result,0.1727,"[0.0043, 0.0, 0.9957, 0.9938]"
crop_1913_IMAG0092.JPG,connochaetes species,20,Chordata,mammalia,artiodactyla,bovidae,connochaetes,,0.9348,"[0.002, 0.0, 0.9908, 1.0]"
crop_1915_IMAG2134.JPG,animal,2,Chordata,,,,,,0.8328,"[0.0079, 0.036, 0.9921, 0.8695]"
crop_1916_IMAG1429.JPG,bird,4,Chordata,aves,,,,,0.7979,"[0.0513, 0.2152, 0.9487, 0.7722]"
crop_1917_IMAG2120.JPG,animal,2,Chordata,,,,,,0.6308,"[0.0, 0.0, 0.999, 0.9966]"
crop_191_IMAG1357.JPG,canis species,11,Chordata,mammalia,carnivora,canidae,canis,,0.951,"[0.0051, 0.0, 0.9899, 0.9663]"
crop_1921_IMAG1401.JPG,bird,4,Chordata,aves,,,,,0.6971,"[0.0068, 0.0217, 0.9863, 0.8696]"
crop_1922_IMAG1401.JPG,animal,2,Chordata,,,,,,0.6129,"[0.1111, 0.0469, 0.6667, 0.9531]"
crop_1923_IMAG1401.JPG,bird,4,Chordata,aves,,,,,0.674,"[0.0, 0.0073, 0.9878, 0.7445]"
crop_1924_IMAG1401.JPG,no cv result,39,Chordata,no cv result,no cv result,no cv result,no cv result,no cv result,0.7017,"[0.2078, 0.0469, 0.7922, 0.7188]"
crop_1925_IMAG1401.JPG,blank,7,Chordata,,,,,,1.0,"[0.2113, 0.6393, 0.2535, 0.2787]"
crop_1926_IMAG2108.JPG,no cv result,39,Chordata,no cv result,no cv result,no cv result,no cv result,no cv result,0.4722,"[0.0, 0.0, 1.0, 1.0]"
crop_1928_IMAG1373.JPG,oryx species,42,Chordata,mammalia,artiodactyla,bovidae,oryx,,0.884,"[0.0, 0.0, 1.0, 1.0]"
crop_192_IMAG0049.JPG,common wildebeest,19,Chordata,mammalia,artiodactyla,bovidae,connochaetes,taurinus,0.962,"[0.0, 0.0, 0.9905, 1.0]"
crop_1931_IMAG1371.JPG,bos species,8,Chordata,mammalia,artiodactyla,bovidae,bos,,0.7141,"[0.0, 0.0, 1.0, 1.0]"
crop_1932_IMAG1417.JPG,bird,4,Chordata,aves,,,,,0.6942,"[0.102, 0.0098, 0.8776, 0.7843]"
crop_1933_IMAG1417.JPG,no cv result,39,Chordata,no cv result,no cv result,no cv result,no cv result,no cv result,0.9001,"[0.0411, 0.0923, 0.726, 0.7077]"
crop_1934_IMAG1417.JPG,no cv result,39,Chordata,no cv result,no cv result,no cv result,no cv result,no cv result,0.6895,"[0.0241, 0.0, 0.9518, 0.9868]"
crop_1935_IMAG2136.JPG,mammal,38,Chordata,mammalia,,,,,0.9317,"[0.3041, 0.0687, 0.6959, 0.9118]"
crop_1936_IMAG0047.JPG,bird,4,Chordata,aves,,,,,0.8077,"[0.0, 0.1159, 0.9783, 0.7256]"
crop_1939_IMAG2122.JPG,common eland,17,Chordata,mammalia,artiodactyla,bovidae,tragelaphus,oryx,0.8938,"[0.0017, 0.0, 0.9983, 0.9914]"
crop_193_IMAG1431.JPG,bird,4,Chordata,aves,,,,,0.6625,"[0.1, 0.0105, 0.86, 0.7801]"
crop_1940_IMAG2122.JPG,bovidae family,9,Chordata,mammalia,artiodactyla,bovidae,,,0.8913,"[0.0082, 0.019, 0.9918, 0.9184]"
crop_1941_IMAG0084.JPG,oryx species,42,Chordata,mammalia,artiodactyla,bovidae,oryx,,0.788,"[0.0045, 0.0014, 0.9955, 0.9986]"
crop_1942_IMAG0090.JPG,bovidae family,9,Chordata,mammalia,artiodactyla,bovidae,,,0.7826,"[0.0045, 0.1498, 0.9955, 0.8326]"
crop_1943_IMAG1601.JPG,bird,4,Chordata,aves,,,,,0.7234,"[0.0656, 0.0843, 0.8689, 0.8916]"
crop_1944_IMAG1601.JPG,no cv result,39,Chordata,no cv result,no cv result,no cv result,no cv result,no cv result,0.305,"[0.0222, 0.0526, 0.9222, 0.8947]"
crop_1945_IMAG1601.JPG,no cv result,39,Chordata,no cv result,no cv result,no cv result,no cv result,no cv result,0.7998,"[0.3385, 0.1184, 0.4769, 0.7237]"
crop_1946_IMAG2308.JPG,gemsbok,30,Chordata,mammalia,artiodactyla,bovidae,oryx,gazella,0.7048,"[0.0035, 0.215, 0.993, 0.7487]"
crop_1949_IMAG2334.JPG,secretarybird,48,Chordata,aves,accipitriformes,sagittariidae,sagittarius,serpentarius,0.6716,"[0.0337, 0.0051, 0.9637, 0.964]"
crop_194_IMAG1431.JPG,bird,4,Chordata,aves,,,,,0.756,"[0.0, 0.049, 0.9359, 0.8725]"
crop_1953_IMAG1826.JPG,bovidae family,9,Chordata,mammalia,artiodactyla,bovidae,,,0.9216,"[0.005, 0.2317, 0.995, 0.74]"
crop_1954_IMAG1826.JPG,oryx species,42,Chordata,mammalia,artiodactyla,bovidae,oryx,,0.865,"[0.0227, 0.004, 0.9705, 0.9802]"
crop_1955_IMAG1832.JPG,artiodactyla order,3,Chordata,mammalia,artiodactyla,,,,0.8663,"[0.882, 0.5526, 0.118, 0.2324]"
crop_1956_IMAG1832.JPG,bovidae family,9,Chordata,mammalia,artiodactyla,bovidae,,,0.6544,"[0.002, 0.0, 0.9782, 0.9859]"
crop_1958_IMAG2268.JPG,animal,2,Chordata,,,,,,0.6706,"[0.0, 0.0072, 1.0, 0.9783]"
crop_195_IMAG1431.JPG,bird,4,Chordata,aves,,,,,0.7353,"[0.0, 0.049, 0.9732, 0.9314]"
crop_1960_IMAG2240.JPG,bird,4,Chordata,aves,,,,,0.9656,"[0.0, 0.0436, 1.0, 0.9527]"
crop_1961_IMAG2240.JPG,hartebeest,33,Chordata,mammalia,artiodactyla,bovidae,alcelaphus,buselaphus,0.8753,"[0.0159, 0.0, 0.9841, 1.0]"
crop_1962_IMAG1749.JPG,animal,2,Chordata,,,,,,0.6887,"[0.0877, 0.1, 0.8596, 0.84]"
crop_1963_IMAG1991.JPG,bird,4,Chordata,aves,,,,,0.7305,"[0.0345, 0.1667, 0.9448, 0.7304]"
crop_1965_IMAG2254.JPG,mammal,38,Chordata,mammalia,,,,,0.7039,"[0.0, 0.0, 1.0, 1.0]"
crop_1966_IMAG1952.JPG,gemsbok,30,Chordata,mammalia,artiodactyla,bovidae,oryx,gazella,0.7301,"[0.0079, 0.3432, 0.9881, 0.6494]"
crop_1969_IMAG1946.JPG,canine family,10,Chordata,mammalia,carnivora,canidae,,,0.7058,"[0.0, 0.0032, 0.998, 0.9968]"
crop_196_IMAG1431.JPG,bird,4,Chordata,aves,,,,,0.6721,"[0.0, 0.0625, 0.9702, 0.9219]"
crop_1971_IMAG1563.JPG,animal,2,Chordata,,,,,,0.9756,"[0.0, 0.0, 1.0, 0.998]"
crop_1972_IMAG2042.JPG,canis species,11,Chordata,mammalia,carnivora,canidae,canis,,0.6891,"[0.0, 0.0, 1.0, 0.9752]"
crop_1973_IMAG0133.JPG,animal,2,Chordata,,,,,,0.7739,"[0.0222, 0.0168, 0.9611, 0.9553]"
crop_1974_IMAG0133.JPG,bird,4,Chordata,aves,,,,,0.7948,"[0.0833, 0.0187, 0.8833, 0.972]"
crop_1976_IMAG2056.JPG,blank,7,Chordata,,,,,,0.9997,"[0.6118, 0.1173, 0.1053, 0.0765]"
crop_197_IMAG1431.JPG,bird,4,Chordata,aves,,,,,0.8257,"[0.0, 0.0333, 0.9875, 0.9167]"
crop_1980_IMAG2094.JPG,mammal,38,Chordata,mammalia,,,,,0.9387,"[0.0, 0.0, 1.0, 0.998]"
crop_1982_IMAG2080.JPG,no cv result,39,Chordata,no cv result,no cv result,no cv result,no cv result,no cv result,0.0939,"[0.0407, 0.1589, 0.8293, 0.6542]"
crop_1983_IMAG2080.JPG,no cv result,39,Chordata,no cv result,no cv result,no cv result,no cv result,no cv result,0.5154,"[0.0238, 0.0471, 0.9167, 0.9529]"
crop_1985_IMAG2057.JPG,canine family,10,Chordata,mammalia,carnivora,canidae,,,0.8196,"[0.0, 0.0, 0.9917, 1.0]"
crop_1986_IMAG2043.JPG,canis species,11,Chordata,mammalia,carnivora,canidae,canis,,0.6808,"[0.0171, 0.0217, 0.9829, 0.942]"
crop_1987_IMAG0132.JPG,corvus species,22,Chordata,aves,passeriformes,corvidae,corvus,,0.7281,"[0.0141, 0.0, 0.9859, 0.9895]"
crop_1988_IMAG1562.JPG,bovidae family,9,Chordata,mammalia,artiodactyla,bovidae,,,0.9259,"[0.0338, 0.0618, 0.9626, 0.9332]"
crop_1989_IMAG1576.JPG,no cv result,39,Chordata,no cv result,no cv result,no cv result,no cv result,no cv result,0.2881,"[0.0, 0.0, 1.0, 1.0]"
crop_198_IMAG2138.JPG,bovidae family,9,Chordata,mammalia,artiodactyla,bovidae,,,0.8251,"[0.002, 0.0, 0.984, 1.0]"
crop_1990_IMAG1947.JPG,canis species,11,Chordata,mammalia,carnivora,canidae,canis,,0.6635,"[0.3279, 0.0, 0.6689, 1.0]"
crop_1991_IMAG1947.JPG,no cv result,39,Chordata,no cv result,no cv result,no cv result,no cv result,no cv result,0.2334,"[0.0, 0.0, 1.0, 1.0]"
crop_1994_IMAG1953.JPG,blank,7,Chordata,,,,,,0.9989,"[0.8818, 0.6175, 0.1182, 0.3825]"
crop_1995_IMAG2255.JPG,hyaenidae family,34,Chordata,mammalia,carnivora,hyaenidae,,,0.9875,"[0.0136, 0.0022, 0.97, 0.9523]"
crop_1996_IMAG1984.JPG,bird,4,Chordata,aves,,,,,0.753,"[0.0, 0.0, 0.9898, 0.9928]"
crop_1997_IMAG1984.JPG,bird,4,Chordata,aves,,,,,0.7508,"[0.0, 0.0, 1.0, 1.0]"
crop_1999_IMAG1748.JPG,corvidae family,21,Chordata,aves,passeriformes,corvidae,,,0.9557,"[0.0093, 0.0, 0.9767, 1.0]"
crop_199_IMAG2138.JPG,artiodactyla order,3,Chordata,mammalia,artiodactyla,,,,0.8366,"[0.0053, 0.0, 0.9754, 0.9953]"
crop_1_IMAG2112.JPG,blank,7,Chordata,,,,,,0.9983,"[0.5312, 0.4037, 0.0781, 0.1]"
crop_2000_IMAG2241.JPG,hartebeest,33,Chordata,mammalia,artiodactyla,bovidae,alcelaphus,buselaphus,0.8181,"[0.0047, 0.0065, 0.9883, 0.9935]"
crop_2001_IMAG1760.JPG,mammal,38,Chordata,mammalia,,,,,0.6537,"[0.0, 0.4496, 0.3469, 0.3992]"
crop_2002_IMAG1760.JPG,hartebeest,33,Chordata,mammalia,artiodactyla,bovidae,alcelaphus,buselaphus,0.9308,"[0.0089, 0.0112, 0.9778, 0.9775]"
crop_2005_IMAG1833.JPG,oryx species,42,Chordata,mammalia,artiodactyla,bovidae,oryx,,0.7768,"[0.0011, 0.0901, 0.9688, 0.8643]"
crop_2006_IMAG1827.JPG,equus species,29,Chordata,mammalia,perissodactyla,equidae,equus,,0.7711,"[0.0, 0.0, 0.9897, 1.0]"
crop_2007_IMAG2321.JPG,struthioniformes order,50,Chordata,aves,struthioniformes,,,,0.9927,"[0.0203, 0.196, 0.9763, 0.7416]"
crop_2008_IMAG2321.JPG,animal,2,Chordata,,,,,,0.7262,"[0.0654, 0.0177, 0.8972, 0.9469]"
crop_2009_IMAG1628.JPG,bird,4,Chordata,aves,,,,,0.8517,"[0.0069, 0.0058, 0.9896, 0.9942]"
crop_200_IMAG1419.JPG,bird,4,Chordata,aves,,,,,0.6603,"[0.2063, 0.0, 0.7619, 0.981]"
crop_2010_IMAG1628.JPG,corvus species,22,Chordata,aves,passeriformes,corvidae,corvus,,0.7312,"[0.0089, 0.0153, 0.9554, 0.9695]"
crop_2012_IMAG2453.JPG,animal,2,Chordata,,,,,,0.9218,"[0.0, 0.0, 0.9934, 1.0]"
crop_2014_IMAG1614.JPG,plains zebra,45,Chordata,mammalia,perissodactyla,equidae,equus,quagga,0.7745,"[0.0016, 0.0011, 0.9976, 0.9808]"
crop_2015_IMAG1614.JPG,mammal,38,Chordata,mammalia,,,,,0.9582,"[0.0042, 0.0, 0.9916, 0.9663]"
crop_2016_IMAG2309.JPG,hartebeest,33,Chordata,mammalia,artiodactyla,bovidae,alcelaphus,buselaphus,0.6764,"[0.0036, 0.2124, 0.9642, 0.7489]"
crop_2017_IMAG1600.JPG,bird,4,Chordata,aves,,,,,0.685,"[0.0541, 0.0256, 0.9054, 0.9615]"
crop_2018_IMAG1600.JPG,bird,4,Chordata,aves,,,,,0.8095,"[0.0494, 0.0583, 0.9506, 0.932]"
crop_2019_IMAG1600.JPG,no cv result,39,Chordata,no cv result,no cv result,no cv result,no cv result,no cv result,0.3446,"[0.0, 0.0656, 0.9737, 0.918]"
crop_201_IMAG1419.JPG,bird,4,Chordata,aves,,,,,0.7242,"[0.0361, 0.0319, 0.9398, 0.9043]"
crop_2020_IMAG0091.JPG,common wildebeest,19,Chordata,mammalia,artiodactyla,bovidae,connochaetes,taurinus,0.721,"[0.0042, 0.0744, 0.9958, 0.7105]"
crop_2021_IMAG0085.JPG,bovidae family,9,Chordata,mammalia,artiodactyla,bovidae,,,0.825,"[0.0025, 0.3039, 0.9951, 0.6555]"
crop_2022_IMAG0052.JPG,animal,2,Chordata,,,,,,0.7453,"[0.0204, 0.0299, 0.8571, 0.953]"
crop_2023_IMAG2123.JPG,domestic horse,27,Chordata,mammalia,perissodactyla,equidae,equus,caballus,0.9674,"[0.0, 0.0, 1.0, 1.0]"
crop_2024_IMAG2137.JPG,artiodactyla order,3,Chordata,mammalia,artiodactyla,,,,0.6774,"[0.0, 0.0, 0.9995, 1.0]"
crop_2025_IMAG2137.JPG,artiodactyla order,3,Chordata,mammalia,artiodactyla,,,,0.7403,"[0.0, 0.0, 1.0, 0.9921]"
crop_2026_IMAG2137.JPG,artiodactyla order,3,Chordata,mammalia,artiodactyla,,,,0.8018,"[0.0, 0.0, 1.0, 1.0]"
crop_2028_IMAG0046.JPG,no cv result,39,Chordata,no cv result,no cv result,no cv result,no cv result,no cv result,0.2967,"[0.4, 0.0556, 0.54, 0.7556]"
crop_2029_IMAG1370.JPG,equus species,29,Chordata,mammalia,perissodactyla,equidae,equus,,0.8417,"[0.0, 0.0763, 0.9989, 0.8081]"
crop_202_IMAG2110.JPG,equus species,29,Chordata,mammalia,perissodactyla,equidae,equus,,0.9313,"[0.0, 0.0, 1.0, 1.0]"
crop_2030_IMAG1416.JPG,bird,4,Chordata,aves,,,,,0.8055,"[0.0483, 0.0345, 0.9517, 0.954]"
crop_205_IMAG2104.JPG,no cv result,39,Chordata,no cv result,no cv result,no cv result,no cv result,no cv result,0.4377,"[0.1636, 0.1887, 0.6455, 0.6698]"
crop_206_IMAG2104.JPG,no cv result,39,Chordata,no cv result,no cv result,no cv result,no cv result,no cv result,0.9816,"[0.0737, 0.163, 0.8105, 0.6196]"
crop_207_IMAG2104.JPG,bird,4,Chordata,aves,,,,,0.8243,"[0.038, 0.0943, 0.9367, 0.8585]"
crop_208_IMAG2104.JPG,blank,7,Chordata,,,,,,0.9578,"[0.0119, 0.4643, 0.4643, 0.4405]"
crop_209_IMAG2104.JPG,animal,2,Chordata,,,,,,0.8364,"[0.1727, 0.0, 0.3364, 0.4337]"
crop_212_IMAG0059.JPG,animal,2,Chordata,,,,,,0.694,"[0.0136, 0.029, 0.9728, 0.942]"
crop_213_IMAG1347.JPG,bird,4,Chordata,aves,,,,,0.8779,"[0.0, 0.0, 0.9681, 0.9779]"
crop_214_IMAG1347.JPG,bird,4,Chordata,aves,,,,,0.6542,"[0.0392, 0.0306, 0.9118, 0.8878]"
crop_215_IMAG1421.JPG,blank,7,Chordata,,,,,,0.9181,"[0.0238, 0.0755, 0.9048, 0.9245]"
crop_216_IMAG2128.JPG,domestic cattle,24,Chordata,mammalia,artiodactyla,bovidae,bos,taurus,0.9704,"[0.0, 0.0, 1.0, 0.9986]"
crop_218_IMAG2100.JPG,bovidae family,9,Chordata,mammalia,artiodactyla,bovidae,,,0.9296,"[0.0, 0.2104, 0.9957, 0.7376]"
crop_221_IMAG2114.JPG,canis species,11,Chordata,mammalia,carnivora,canidae,canis,,0.6993,"[0.0037, 0.0, 0.9963, 0.9974]"
crop_224_IMAG2458.JPG,animal,2,Chordata,,,,,,0.8884,"[0.0029, 0.0, 0.9971, 1.0]"
crop_225_IMAG1637.JPG,bird,4,Chordata,aves,,,,,0.7837,"[0.0, 0.0303, 1.0, 0.9596]"
crop_226_IMAG1623.JPG,bird,4,Chordata,aves,,,,,0.7714,"[0.0, 0.1883, 0.9024, 0.7354]"
crop_227_IMAG2464.JPG,bovidae family,9,Chordata,mammalia,artiodactyla,bovidae,,,0.8772,"[0.006, 0.0028, 0.994, 0.785]"
crop_228_IMAG2302.JPG,mammal,38,Chordata,mammalia,,,,,0.7005,"[0.0013, 0.1766, 0.9698, 0.7746]"
crop_229_IMAG2316.JPG,bird,4,Chordata,aves,,,,,0.6702,"[0.0, 0.016, 0.9844, 0.984]"
crop_230_IMAG2316.JPG,no cv result,39,Chordata,no cv result,no cv result,no cv result,no cv result,no cv result,0.3881,"[0.1224, 0.0294, 0.5714, 0.9265]"
crop_231_IMAG2316.JPG,no cv result,39,Chordata,no cv result,no cv result,no cv result,no cv result,no cv result,0.1122,"[0.0078, 0.0864, 0.8217, 0.8395]"
crop_232_IMAG2470.JPG,oryx species,42,Chordata,mammalia,artiodactyla,bovidae,oryx,,0.7155,"[0.0, 0.0, 0.9811, 0.9646]"
crop_233_IMAG1838.JPG,plains zebra,45,Chordata,mammalia,perissodactyla,equidae,equus,quagga,0.9646,"[0.0041, 0.0112, 0.9928, 0.9505]"
crop_235_IMAG1804.JPG,no cv result,39,Chordata,no cv result,no cv result,no cv result,no cv result,no cv result,0.5751,"[0.0, 0.07, 1.0, 0.89]"
crop_236_IMAG1743.JPG,canine family,10,Chordata,mammalia,carnivora,canidae,,,0.9342,"[0.0, 0.0156, 0.8018, 0.9844]"
crop_23_IMAG1779.JPG,corvidae family,21,Chordata,aves,passeriformes,corvidae,,,0.7105,"[0.0149, 0.0027, 0.9672, 0.9808]"
crop_240_IMAG2289.JPG,secretarybird,48,Chordata,aves,accipitriformes,sagittariidae,sagittarius,serpentarius,0.8923,"[0.0083, 0.0, 0.9862, 1.0]"
crop_241_IMAG1958.JPG,canine family,10,Chordata,mammalia,carnivora,canidae,,,0.9749,"[0.0235, 0.0, 0.9324, 1.0]"
crop_242_IMAG1780.JPG,giraffe,31,Chordata,mammalia,artiodactyla,giraffidae,giraffa,camelopardalis,0.9767,"[0.0, 0.0, 1.0, 1.0]"
crop_246_IMAG2048.JPG,artiodactyla order,3,Chordata,mammalia,artiodactyla,,,,0.7129,"[0.0, 0.0, 1.0, 1.0]"
crop_247_IMAG2048.JPG,artiodactyla order,3,Chordata,mammalia,artiodactyla,,,,0.6739,"[0.7977, 0.1779, 0.2023, 0.5504]"
crop_248_IMAG2048.JPG,equus species,29,Chordata,mammalia,perissodactyla,equidae,equus,,0.6813,"[0.0, 0.0, 1.0, 1.0]"
crop_24_IMAG2258.JPG,equus species,29,Chordata,mammalia,perissodactyla,equidae,equus,,0.8517,"[0.0, 0.0, 1.0, 1.0]"
crop_250_IMAG0139.JPG,bird,4,Chordata,aves,,,,,0.6945,"[0.0, 0.0253, 1.0, 0.962]"
crop_251_IMAG0139.JPG,bird,4,Chordata,aves,,,,,0.7135,"[0.0, 0.0323, 0.925, 0.9516]"
crop_252_IMAG0139.JPG,bird,4,Chordata,aves,,,,,0.7924,"[0.0167, 0.0145, 0.95, 0.9855]"
crop_253_IMAG0139.JPG,bird,4,Chordata,aves,,,,,0.8482,"[0.013, 0.0, 0.9351, 1.0]"
crop_254_IMAG0139.JPG,animal,2,Chordata,,,,,,0.6553,"[0.0106, 0.0105, 0.8936, 0.9474]"
crop_255_IMAG0139.JPG,blank,7,Chordata,,,,,,0.9647,"[0.0638, 0.082, 0.8936, 0.8689]"
crop_25_IMAG1751.JPG,bird,4,Chordata,aves,,,,,0.7001,"[0.0, 0.0066, 1.0, 0.9801]"
crop_261_IMAG1569.JPG,animal,2,Chordata,,,,,,0.7659,"[0.0, 0.0, 0.9086, 0.9837]"
crop_262_IMAG1569.JPG,equus species,29,Chordata,mammalia,perissodactyla,equidae,equus,,0.6542,"[0.0353, 0.0036, 0.9586, 0.9358]"
crop_263_IMAG1569.JPG,mammal,38,Chordata,mammalia,,,,,0.8149,"[0.0056, 0.0, 0.9831, 1.0]"
crop_264_IMAG1582.JPG,no cv result,39,Chordata,no cv result,no cv result,no cv result,no cv result,no cv result,0.1288,"[0.0012, 0.0, 0.9938, 0.9962]"
crop_266_IMAG1597.JPG,bird,4,Chordata,aves,,,,,0.7557,"[0.5632, 0.521, 0.4263, 0.4706]"
crop_267_IMAG1597.JPG,bird,4,Chordata,aves,,,,,0.7706,"[0.039, 0.1273, 0.9221, 0.8727]"
crop_268_IMAG1597.JPG,bird,4,Chordata,aves,,,,,0.78,"[0.0794, 0.0306, 0.8413, 0.9388]"
crop_269_IMAG1597.JPG,no cv result,39,Chordata,no cv result,no cv result,no cv result,no cv result,no cv result,0.6605,"[0.1, 0.0345, 0.5727, 0.5931]"
crop_26_IMAG1751.JPG,bird,4,Chordata,aves,,,,,0.7477,"[0.0221, 0.0076, 0.8824, 0.9618]"
crop_270_IMAG1597.JPG,blank,7,Chordata,,,,,,0.977,"[0.1579, 0.1029, 0.8421, 0.8676]"
crop_273_IMAG1568.JPG,oryx species,42,Chordata,mammalia,artiodactyla,bovidae,oryx,,0.9186,"[0.0294, 0.1813, 0.9632, 0.8107]"
crop_274_IMAG2061.JPG,gemsbok,30,Chordata,mammalia,artiodactyla,bovidae,oryx,gazella,0.8953,"[0.0083, 0.0102, 0.9917, 0.9898]"
crop_275_IMAG2075.JPG,bird,4,Chordata,aves,,,,,0.6607,"[0.0128, 0.0389, 0.9786, 0.9556]"
crop_27_IMAG1751.JPG,bird,4,Chordata,aves,,,,,0.7835,"[0.0, 0.0909, 0.9635, 0.8182]"
crop_283_IMAG1795.JPG,corvidae family,21,Chordata,aves,passeriformes,corvidae,,,0.972,"[0.014, 0.006, 0.972, 0.991]"
crop_284_IMAG1795.JPG,bird,4,Chordata,aves,,,,,0.7436,"[0.2744, 0.0186, 0.3231, 0.2379]"
crop_285_IMAG1795.JPG,bird,4,Chordata,aves,,,,,0.7646,"[0.0125, 0.0198, 0.95, 0.9802]"
crop_286_IMAG1795.JPG,no cv result,39,Chordata,no cv result,no cv result,no cv result,no cv result,no cv result,0.4026,"[0.099, 0.0755, 0.8515, 0.8302]"
crop_287_IMAG1795.JPG,blank,7,Chordata,,,,,,0.9727,"[0.3238, 0.5424, 0.4476, 0.4576]"
crop_288_IMAG1795.JPG,bird,4,Chordata,aves,,,,,0.7486,"[0.0323, 0.0882, 0.8387, 0.7647]"
crop_289_IMAG1781.JPG,giraffe,31,Chordata,mammalia,artiodactyla,giraffidae,giraffa,camelopardalis,0.9935,"[0.0006, 0.0954, 0.5097, 0.8241]"
crop_28_IMAG1751.JPG,animal,2,Chordata,,,,,,0.5721,"[0.0676, 0.0877, 0.9189, 0.8421]"
crop_290_IMAG1781.JPG,giraffe,31,Chordata,mammalia,artiodactyla,giraffidae,giraffa,camelopardalis,0.9948,"[0.0036, 0.0, 0.9946, 0.9979]"
crop_292_IMAG2288.JPG,bird,4,Chordata,aves,,,,,0.7444,"[0.0076, 0.0, 0.9734, 1.0]"
crop_293_IMAG2263.JPG,common wildebeest,19,Chordata,mammalia,artiodactyla,bovidae,connochaetes,taurinus,0.8989,"[0.0, 0.1073, 0.9974, 0.6986]"
crop_294_IMAG2263.JPG,common wildebeest,19,Chordata,mammalia,artiodactyla,bovidae,connochaetes,taurinus,0.8182,"[0.0041, 0.0, 0.9959, 0.9866]"
crop_296_IMAG1756.JPG,bird,4,Chordata,aves,,,,,0.6822,"[0.0, 0.0284, 0.9783, 0.9668]"
crop_297_IMAG1756.JPG,bird,4,Chordata,aves,,,,,0.9641,"[0.017, 0.0022, 0.966, 0.5991]"
crop_298_IMAG1742.JPG,bird,4,Chordata,aves,,,,,0.6751,"[0.0, 0.0161, 0.9901, 0.9624]"
crop_299_IMAG1742.JPG,bird,4,Chordata,aves,,,,,0.8971,"[0.0736, 0.0336, 0.9202, 0.953]"
crop_29_IMAG1989.JPG,hartebeest,33,Chordata,mammalia,artiodactyla,bovidae,alcelaphus,buselaphus,0.9384,"[0.0, 0.0, 0.9976, 1.0]"
crop_300_IMAG1742.JPG,bird,4,Chordata,aves,,,,,0.7885,"[0.152, 0.0918, 0.8363, 0.715]"
crop_303_IMAG1839.JPG,leopard,36,Chordata,mammalia,carnivora,felidae,panthera,pardus,0.8115,"[0.0, 0.0021, 1.0, 0.9958]"
crop_304_IMAG2317.JPG,rheidae family,46,Chordata,aves,struthioniformes,rheidae,,,0.6709,"[0.0029, 0.0, 0.9971, 1.0]"
crop_305_IMAG2317.JPG,struthioniformes order,50,Chordata,aves,struthioniformes,,,,0.9938,"[0.0035, 0.0, 0.9861, 1.0]"
crop_306_IMAG2317.JPG,rheidae family,46,Chordata,aves,struthioniformes,rheidae,,,0.7891,"[0.0088, 0.0138, 0.9737, 0.9631]"
crop_308_IMAG2465.JPG,plains zebra,45,Chordata,mammalia,perissodactyla,equidae,equus,quagga,0.9784,"[0.0064, 0.0, 0.9829, 1.0]"
crop_309_IMAG2303.JPG,no cv result,39,Chordata,no cv result,no cv result,no cv result,no cv result,no cv result,0.207,"[0.0, 0.0, 1.0, 1.0]"
crop_310_IMAG2303.JPG,no cv result,39,Chordata,no cv result,no cv result,no cv result,no cv result,no cv result,0.238,"[0.0, 0.0, 1.0, 1.0]"
crop_312_IMAG2459.JPG,artiodactyla order,3,Chordata,mammalia,artiodactyla,,,,0.7318,"[0.0012, 0.0, 0.9965, 0.9861]"
crop_313_IMAG1636.JPG,corvidae family,21,Chordata,aves,passeriformes,corvidae,,,0.906,"[0.0693, 0.0085, 0.8911, 0.9492]"
crop_314_IMAG1636.JPG,blank,7,Chordata,,,,,,0.9986,"[0.598, 0.4035, 0.402, 0.2456]"
crop_315_IMAG1385.JPG,bovidae family,9,Chordata,mammalia,artiodactyla,bovidae,,,0.6715,"[0.0085, 0.0, 0.9915, 0.9308]"
crop_316_IMAG1391.JPG,no cv result,39,Chordata,no cv result,no cv result,no cv result,no cv result,no cv result,0.1931,"[0.0132, 0.0161, 0.9868, 0.9435]"
crop_318_IMAG2115.JPG,canine family,10,Chordata,mammalia,carnivora,canidae,,,0.9883,"[0.0017, 0.002, 0.9966, 0.998]"
crop_319_IMAG2101.JPG,pelecaniformes order,44,Chordata,aves,pelecaniformes,,,,0.6935,"[0.0144, 0.0261, 0.7482, 0.9281]"
crop_320_IMAG2101.JPG,animal,2,Chordata,,,,,,0.6676,"[0.487, 0.05, 0.513, 0.7667]"
crop_325_IMAG2129.JPG,canis species,11,Chordata,mammalia,carnivora,canidae,canis,,0.7266,"[0.0037, 0.0072, 0.9938, 0.9904]"
crop_326_IMAG1420.JPG,bird,4,Chordata,aves,,,,,0.7614,"[0.0075, 0.0233, 0.9925, 0.9767]"
crop_327_IMAG1420.JPG,bird,4,Chordata,aves,,,,,0.7016,"[0.0303, 0.0714, 0.798, 0.7143]"
crop_328_IMAG1420.JPG,bird,4,Chordata,aves,,,,,0.8616,"[0.1651, 0.0265, 0.8073, 0.7876]"
crop_329_IMAG1420.JPG,bird,4,Chordata,aves,,,,,0.6826,"[0.028, 0.0455, 0.9252, 0.8788]"
crop_32_IMAG1962.JPG,artiodactyla order,3,Chordata,mammalia,artiodactyla,,,,0.7595,"[0.1537, 0.0013, 0.8463, 0.6247]"
crop_330_IMAG1420.JPG,blank,7,Chordata,,,,,,0.9992,"[0.319, 0.73, 0.5086, 0.27]"
crop_331_IMAG1420.JPG,bird,4,Chordata,aves,,,,,0.8605,"[0.0, 0.0606, 0.9386, 0.8182]"
crop_332_IMAG1420.JPG,bird,4,Chordata,aves,,,,,0.6698,"[0.0074, 0.0492, 0.9704, 0.9016]"
crop_333_IMAG1420.JPG,blank,7,Chordata,,,,,,0.7577,"[0.0488, 0.0, 0.9268, 0.907]"
crop_334_IMAG1420.JPG,animal,2,Chordata,,,,,,0.7544,"[0.0, 0.2523, 0.466, 0.7477]"
crop_335_IMAG1420.JPG,blank,7,Chordata,,,,,,0.9978,"[0.1842, 0.1282, 0.6579, 0.7949]"
crop_337_IMAG1352.JPG,bird,4,Chordata,aves,,,,,0.7035,"[0.0316, 0.0449, 0.9649, 0.951]"
crop_338_IMAG1352.JPG,bird,4,Chordata,aves,,,,,0.8338,"[0.0, 0.0656, 1.0, 0.6011]"
crop_339_IMAG1422.JPG,no cv result,39,Chordata,no cv result,no cv result,no cv result,no cv result,no cv result,0.7223,"[0.0, 0.0638, 0.9559, 0.8723]"
crop_33_IMAG1962.JPG,corvus species,22,Chordata,aves,passeriformes,corvidae,corvus,,0.897,"[0.0704, 0.028, 0.831, 0.9065]"
crop_341_IMAG1350.JPG,animal,2,Chordata,,,,,,0.7867,"[0.0094, 0.0571, 0.9623, 0.9286]"
crop_342_IMAG1350.JPG,animal,2,Chordata,,,,,,0.8126,"[0.0, 0.0616, 0.9703, 0.9315]"
crop_343_IMAG1350.JPG,animal,2,Chordata,,,,,,0.6632,"[0.0225, 0.0517, 0.9551, 0.9138]"
crop_344_IMAG1350.JPG,bird,4,Chordata,aves,,,,,0.7004,"[0.0118, 0.1456, 0.8, 0.8544]"
crop_346_IMAG2117.JPG,mammal,38,Chordata,mammalia,,,,,0.6953,"[0.0067, 0.1818, 0.9933, 0.743]"
crop_348_IMAG1378.JPG,bovidae family,9,Chordata,mammalia,artiodactyla,bovidae,,,0.699,"[0.0213, 0.1223, 0.9787, 0.7252]"
crop_34_IMAG1792.JPG,bovidae family,9,Chordata,mammalia,artiodactyla,bovidae,,,0.9407,"[0.0, 0.008, 0.9981, 0.988]"
crop_351_IMAG1387.JPG,blank,7,Chordata,,,,,,0.9994,"[0.0571, 0.8903, 0.5968, 0.1097]"
crop_352_IMAG0099.JPG,bovidae family,9,Chordata,mammalia,artiodactyla,bovidae,,,0.7726,"[0.0035, 0.0007, 0.9965, 0.5932]"
crop_353_IMAG1393.JPG,animal,2,Chordata,,,,,,0.8038,"[0.0347, 0.0405, 0.9604, 0.9514]"
crop_355_IMAG1620.JPG,struthioniformes order,50,Chordata,aves,struthioniformes,,,,0.9779,"[0.016, 0.0165, 0.976, 0.9383]"
crop_357_IMAG2315.JPG,gemsbok,30,Chordata,mammalia,artiodactyla,bovidae,oryx,gazella,0.7815,"[0.011, 0.0726, 0.989, 0.7298]"
crop_358_IMAG2301.JPG,blank,7,Chordata,,,,,,0.9993,"[0.5634, 0.2295, 0.0236, 0.0656]"
crop_359_IMAG1608.JPG,bird,4,Chordata,aves,,,,,0.8341,"[0.0233, 0.0, 0.9186, 0.9467]"
crop_35_IMAG1786.JPG,common wildebeest,19,Chordata,mammalia,artiodactyla,bovidae,connochaetes,taurinus,0.9046,"[0.0026, 0.0056, 0.9897, 0.9944]"
crop_360_IMAG1608.JPG,bird,4,Chordata,aves,,,,,0.7553,"[0.0, 0.0186, 0.9619, 0.9503]"
crop_361_IMAG1608.JPG,animal,2,Chordata,,,,,,0.775,"[0.0354, 0.0, 0.9558, 0.9375]"
crop_362_IMAG1608.JPG,bird,4,Chordata,aves,,,,,0.7046,"[0.0, 0.0362, 0.9952, 0.9367]"
crop_363_IMAG1608.JPG,bird,4,Chordata,aves,,,,,0.7781,"[0.0, 0.0556, 0.9919, 0.8611]"
crop_364_IMAG2467.JPG,odontophoridae family,40,Chordata,aves,galliformes,odontophoridae,,,0.668,"[0.087, 0.0241, 0.8116, 0.8795]"
crop_368_IMAG1740.JPG,bird,4,Chordata,aves,,,,,0.8307,"[0.1418, 0.0253, 0.8134, 0.943]"
crop_369_IMAG1998.JPG,bird,4,Chordata,aves,,,,,0.6543,"[0.0, 0.0107, 0.9821, 0.9786]"
crop_36_IMAG1786.JPG,corvus species,22,Chordata,aves,passeriformes,corvidae,corvus,,0.8505,"[0.0144, 0.0, 0.9809, 1.0]"
crop_370_IMAG2249.JPG,panthera species,43,Chordata,mammalia,carnivora,felidae,panthera,,0.8112,"[0.0, 0.0, 1.0, 1.0]"
crop_372_IMAG2261.JPG,hartebeest,33,Chordata,mammalia,artiodactyla,bovidae,alcelaphus,buselaphus,0.9704,"[0.0, 0.0, 0.9945, 1.0]"
crop_374_IMAG1797.JPG,common wildebeest,19,Chordata,mammalia,artiodactyla,bovidae,connochaetes,taurinus,0.9122,"[0.0, 0.0089, 1.0, 0.9858]"
crop_375_IMAG1783.JPG,bird,4,Chordata,aves,,,,,0.7647,"[0.0288, 0.0366, 0.9496, 0.9268]"
crop_376_IMAG1973.JPG,bird,4,Chordata,aves,,,,,0.8133,"[0.0172, 0.0, 0.9569, 0.9943]"
crop_377_IMAG1973.JPG,animal,2,Chordata,,,,,,0.5022,"[0.0, 0.0055, 0.9943, 0.7527]"
crop_378_IMAG1973.JPG,animal,2,Chordata,,,,,,0.7003,"[0.0058, 0.0328, 0.9249, 0.8934]"
crop_379_IMAG1973.JPG,animal,2,Chordata,,,,,,0.6609,"[0.0, 0.0088, 0.9717, 0.8421]"
crop_380_IMAG1973.JPG,animal,2,Chordata,,,,,,0.6262,"[0.0067, 0.1129, 0.9867, 0.7903]"
crop_382_IMAG1556.JPG,domestic horse,27,Chordata,mammalia,perissodactyla,equidae,equus,caballus,0.8429,"[0.0, 0.0, 1.0, 1.0]"
crop_384_IMAG2063.JPG,no cv result,39,Chordata,no cv result,no cv result,no cv result,no cv result,no cv result,0.3417,"[0.0082, 0.0429, 0.9262, 0.9143]"
crop_385_IMAG0112.JPG,bird,4,Chordata,aves,,,,,0.8929,"[0.0, 0.0, 0.996, 0.989]"
crop_386_IMAG0112.JPG,bird,4,Chordata,aves,,,,,0.8429,"[0.0046, 0.0529, 0.9259, 0.9365]"
crop_389_IMAG1595.JPG,bird,4,Chordata,aves,,,,,0.6994,"[0.0, 0.0177, 0.8557, 0.6991]"
crop_390_IMAG1595.JPG,blank,7,Chordata,,,,,,0.9998,"[0.8889, 0.3626, 0.1111, 0.1648]"
crop_393_IMAG2089.JPG,common wildebeest,19,Chordata,mammalia,artiodactyla,bovidae,connochaetes,taurinus,0.9236,"[0.0014, 0.0, 0.9986, 1.0]"
crop_395_IMAG1594.JPG,animal,2,Chordata,,,,,,0.8004,"[0.0548, 0.0667, 0.9315, 0.9111]"
crop_396_IMAG0107.JPG,bird,4,Chordata,aves,,,,,0.9136,"[0.0795, 0.0485, 0.7727, 0.8155]"
crop_397_IMAG0107.JPG,bird,4,Chordata,aves,,,,,0.6891,"[0.0455, 0.045, 0.8106, 0.8829]"
crop_398_IMAG0107.JPG,bird,4,Chordata,aves,,,,,0.7475,"[0.0, 0.1031, 0.9913, 0.8041]"
crop_3_IMAG0077.JPG,canine family,10,Chordata,mammalia,carnivora,canidae,,,0.7317,"[0.0, 0.0, 1.0, 1.0]"
crop_400_IMAG2062.JPG,bird,4,Chordata,aves,,,,,0.7396,"[0.0106, 0.021, 0.9894, 0.7598]"
crop_401_IMAG2062.JPG,bird,4,Chordata,aves,,,,,0.8422,"[0.0859, 0.0229, 0.8594, 0.9771]"
crop_403_IMAG1543.JPG,animal,2,Chordata,,,,,,0.5377,"[0.0128, 0.0119, 0.9359, 0.9167]"
crop_404_IMAG1557.JPG,mammal,38,Chordata,mammalia,,,,,0.7344,"[0.0, 0.2164, 0.9933, 0.7453]"
crop_407_IMAG1782.JPG,bird,4,Chordata,aves,,,,,0.7735,"[0.1011, 0.0402, 0.8777, 0.8563]"
crop_408_IMAG1782.JPG,bird,4,Chordata,aves,,,,,0.7766,"[0.0065, 0.0, 0.9548, 0.9773]"
crop_409_IMAG1782.JPG,bird,4,Chordata,aves,,,,,0.8439,"[0.0, 0.0643, 0.9565, 0.8304]"
crop_410_IMAG1782.JPG,bird,4,Chordata,aves,,,,,0.7395,"[0.0606, 0.0268, 0.8485, 0.9107]"
crop_411_IMAG1782.JPG,animal,2,Chordata,,,,,,0.587,"[0.0113, 0.0779, 0.9811, 0.9221]"
crop_412_IMAG1782.JPG,bird,4,Chordata,aves,,,,,0.7876,"[0.0, 0.0465, 0.9746, 0.9419]"
crop_413_IMAG1782.JPG,bird,4,Chordata,aves,,,,,0.7625,"[0.013, 0.1034, 0.974, 0.8506]"
crop_416_IMAG2260.JPG,mammal,38,Chordata,mammalia,,,,,0.8733,"[0.0015, 0.3116, 0.9969, 0.6884]"
crop_417_IMAG2260.JPG,animal,2,Chordata,,,,,,0.6467,"[0.0037, 0.3038, 0.9926, 0.6953]"
crop_418_IMAG1769.JPG,bird,4,Chordata,aves,,,,,0.794,"[0.0, 0.0, 1.0, 1.0]"
crop_419_IMAG2248.JPG,cat family,13,Chordata,mammalia,carnivora,felidae,,,0.932,"[0.0032, 0.0, 0.9968, 0.9945]"
crop_41_IMAG1553.JPG,no cv result,39,Chordata,no cv result,no cv result,no cv result,no cv result,no cv result,0.2933,"[0.0, 0.0, 1.0, 1.0]"
crop_420_IMAG1999.JPG,blank,7,Chordata,,,,,,0.5152,"[0.1818, 0.0094, 0.6104, 0.6981]"
crop_422_IMAG1755.JPG,no cv result,39,Chordata,no cv result,no cv result,no cv result,no cv result,no cv result,0.9598,"[0.027, 0.0411, 0.9099, 0.8904]"
crop_423_IMAG1812.JPG,bovidae family,9,Chordata,mammalia,artiodactyla,bovidae,,,0.8379,"[0.0, 0.0, 0.9925, 0.99]"
crop_424_IMAG1806.JPG,no cv result,39,Chordata,no cv result,no cv result,no cv result,no cv result,no cv result,0.3219,"[0.0, 0.0, 1.0, 1.0]"
crop_425_IMAG1609.JPG,bird,4,Chordata,aves,,,,,0.8196,"[0.2529, 0.024, 0.7011, 0.9102]"
crop_426_IMAG1609.JPG,bird,4,Chordata,aves,,,,,0.8356,"[0.0476, 0.0, 0.9238, 0.952]"
crop_427_IMAG1609.JPG,bird,4,Chordata,aves,,,,,0.6997,"[0.0, 0.0128, 0.972, 0.9872]"
crop_428_IMAG1609.JPG,animal,2,Chordata,,,,,,0.5938,"[0.027, 0.0078, 0.973, 0.969]"
crop_429_IMAG1609.JPG,animal,2,Chordata,,,,,,0.6339,"[0.0052, 0.0056, 0.9948, 0.9888]"
crop_42_IMAG1553.JPG,blank,7,Chordata,,,,,,0.7193,"[0.0, 0.0, 1.0, 1.0]"
crop_430_IMAG1609.JPG,blank,7,Chordata,,,,,,0.9844,"[0.0, 0.0714, 0.734, 0.8571]"
crop_431_IMAG1609.JPG,blank,7,Chordata,,,,,,0.9991,"[0.1163, 0.3019, 0.7674, 0.6604]"
crop_432_IMAG1609.JPG,blank,7,Chordata,,,,,,0.978,"[0.2258, 0.0769, 0.6452, 0.8974]"
crop_433_IMAG2300.JPG,no cv result,39,Chordata,no cv result,no cv result,no cv result,no cv result,no cv result,0.272,"[0.0, 0.0, 1.0, 1.0]"
crop_434_IMAG2466.JPG,bird,4,Chordata,aves,,,,,0.8245,"[0.0, 0.1429, 0.9658, 0.7692]"
crop_438_IMAG1621.JPG,bird,4,Chordata,aves,,,,,0.97,"[0.0042, 0.0083, 0.9895, 0.9862]"
crop_43_IMAG1547.JPG,gemsbok,30,Chordata,mammalia,artiodactyla,bovidae,oryx,gazella,0.7697,"[0.0017, 0.0, 0.9915, 1.0]"
crop_442_IMAG1386.JPG,carnivorous mammal,12,Chordata,mammalia,carnivora,,,,0.8964,"[0.0034, 0.0, 0.9933, 1.0]"
crop_444_IMAG2102.JPG,blank,7,Chordata,,,,,,0.9978,"[0.5333, 0.0349, 0.163, 0.3256]"
crop_446_IMAG1379.JPG,animal,2,Chordata,,,,,,0.9349,"[0.0, 0.0, 1.0, 1.0]"
crop_447_IMAG1379.JPG,cervidae family,14,Chordata,mammalia,artiodactyla,cervidae,,,0.9837,"[0.0, 0.0, 1.0, 0.9834]"
crop_448_IMAG1379.JPG,equus species,29,Chordata,mammalia,perissodactyla,equidae,equus,,0.7174,"[0.0139, 0.0, 0.9761, 1.0]"
crop_44_IMAG2099.JPG,plains zebra,45,Chordata,mammalia,perissodactyla,equidae,equus,quagga,0.849,"[0.0081, 0.0154, 0.9838, 0.9231]"
crop_452_IMAG1423.JPG,blank,7,Chordata,,,,,,0.9765,"[0.5524, 0.3196, 0.3613, 0.3402]"
crop_453_IMAG1345.JPG,bird,4,Chordata,aves,,,,,0.6857,"[0.0, 0.028, 1.0, 0.972]"
crop_456_IMAG0014.JPG,bird,4,Chordata,aves,,,,,0.9197,"[0.0, 0.0, 0.9574, 0.8652]"
crop_457_IMAG0014.JPG,bird,4,Chordata,aves,,,,,0.6716,"[0.0872, 0.1121, 0.906, 0.5981]"
crop_458_IMAG0014.JPG,blank,7,Chordata,,,,,,0.9997,"[0.2016, 0.2091, 0.121, 0.0909]"
crop_459_IMAG0014.JPG,blank,7,Chordata,,,,,,0.9986,"[0.5821, 0.5455, 0.4179, 0.4545]"
crop_45_IMAG1590.JPG,hartebeest,33,Chordata,mammalia,artiodactyla,bovidae,alcelaphus,buselaphus,0.984,"[0.0, 0.0, 1.0, 1.0]"
crop_466_IMAG1322.JPG,bird,4,Chordata,aves,,,,,0.9321,"[0.2661, 0.1165, 0.7177, 0.8058]"
crop_467_IMAG0028.JPG,bird,4,Chordata,aves,,,,,0.677,"[0.0, 0.0465, 0.9792, 0.8837]"
crop_468_IMAG0028.JPG,no cv result,39,Chordata,no cv result,no cv result,no cv result,no cv result,no cv result,0.2574,"[0.1864, 0.0, 0.7119, 0.9811]"
crop_470_IMAG1450.JPG,no cv result,39,Chordata,no cv result,no cv result,no cv result,no cv result,no cv result,0.9762,"[0.0, 0.0, 0.9412, 0.7273]"
crop_471_IMAG1450.JPG,blank,7,Chordata,,,,,,0.8491,"[0.2289, 0.1224, 0.759, 0.8776]"
crop_472_IMAG2159.JPG,giraffe,31,Chordata,mammalia,artiodactyla,giraffidae,giraffa,camelopardalis,0.9485,"[0.0, 0.0, 0.9901, 1.0]"
crop_473_IMAG1487.JPG,common wildebeest,19,Chordata,mammalia,artiodactyla,bovidae,connochaetes,taurinus,0.9381,"[0.0, 0.0, 1.0, 1.0]"
crop_475_IMAG2415.JPG,old world porcupine family,41,Chordata,mammalia,rodentia,hystricidae,,,0.9483,"[0.0, 0.0262, 0.997, 0.9699]"
crop_478_IMAG2401.JPG,struthioniformes order,50,Chordata,aves,struthioniformes,,,,0.9978,"[0.003, 0.0, 0.9881, 0.9946]"
crop_479_IMAG2429.JPG,struthioniformes order,50,Chordata,aves,struthioniformes,,,,0.9799,"[0.0047, 0.0034, 0.9907, 0.9966]"
crop_480_IMAG2429.JPG,struthioniformes order,50,Chordata,aves,struthioniformes,,,,0.9901,"[0.0049, 0.0, 0.9854, 1.0]"
crop_481_IMAG2429.JPG,struthioniformes order,50,Chordata,aves,struthioniformes,,,,0.9949,"[0.0201, 0.007, 0.9719, 0.9719]"
crop_482_IMAG2429.JPG,struthioniformes order,50,Chordata,aves,struthioniformes,,,,0.9816,"[0.0049, 0.0037, 0.9854, 0.9925]"
crop_483_IMAG2429.JPG,rheidae family,46,Chordata,aves,struthioniformes,rheidae,,,0.8003,"[0.0, 0.0212, 1.0, 0.9611]"
crop_485_IMAG1652.JPG,artiodactyla order,3,Chordata,mammalia,artiodactyla,,,,0.7603,"[0.0, 0.0, 1.0, 1.0]"
crop_486_IMAG1652.JPG,blank,7,Chordata,,,,,,0.9303,"[0.6779, 0.3923, 0.1765, 0.2881]"
crop_487_IMAG1861.JPG,struthioniformes order,50,Chordata,aves,struthioniformes,,,,0.9883,"[0.0108, 0.0, 0.9819, 1.0]"
crop_488_IMAG1861.JPG,bird,4,Chordata,aves,,,,,0.7328,"[0.028, 0.0045, 0.958, 0.991]"
crop_489_IMAG1861.JPG,bird,4,Chordata,aves,,,,,0.7271,"[0.0, 0.0376, 0.9965, 0.9474]"
crop_48_IMAG1591.JPG,bird,4,Chordata,aves,,,,,0.6834,"[0.0, 0.0201, 1.0, 0.9799]"
crop_490_IMAG1861.JPG,common wildebeest,19,Chordata,mammalia,artiodactyla,bovidae,connochaetes,taurinus,0.8269,"[0.1045, 0.1818, 0.8358, 0.7424]"
crop_491_IMAG1861.JPG,bird,4,Chordata,aves,,,,,0.7926,"[0.0784, 0.0531, 0.7157, 0.9469]"
crop_492_IMAG1861.JPG,no cv result,39,Chordata,no cv result,no cv result,no cv result,no cv result,no cv result,0.8584,"[0.0952, 0.5035, 0.7714, 0.4397]"
crop_493_IMAG1861.JPG,no cv result,39,Chordata,no cv result,no cv result,no cv result,no cv result,no cv result,0.1548,"[0.0769, 0.0116, 0.8462, 0.9419]"
crop_494_IMAG1861.JPG,no cv result,39,Chordata,no cv result,no cv result,no cv result,no cv result,no cv result,0.365,"[0.0517, 0.0, 0.8448, 0.9796]"
crop_495_IMAG1861.JPG,blank,7,Chordata,,,,,,0.9935,"[0.5, 0.3816, 0.3333, 0.5263]"
crop_496_IMAG1875.JPG,blank,7,Chordata,,,,,,0.9939,"[0.0603, 0.0066, 0.5678, 0.6291]"
crop_497_IMAG1685.JPG,bird,4,Chordata,aves,,,,,0.6847,"[0.0062, 0.0178, 0.963, 0.9408]"
crop_498_IMAG1685.JPG,bird,4,Chordata,aves,,,,,0.9736,"[0.0317, 0.0113, 0.9683, 0.9548]"
crop_49_IMAG2098.JPG,plains zebra,45,Chordata,mammalia,perissodactyla,equidae,equus,quagga,0.9777,"[0.0023, 0.0149, 0.9977, 0.9761]"
crop_4_IMAG1369.JPG,bovidae family,9,Chordata,mammalia,artiodactyla,bovidae,,,0.6948,"[0.0, 0.005, 0.9881, 0.7241]"
crop_500_IMAG1849.JPG,bird,4,Chordata,aves,,,,,0.9396,"[0.0061, 0.0128, 0.9816, 0.9808]"
crop_501_IMAG1849.JPG,bird,4,Chordata,aves,,,,,0.9326,"[0.0186, 0.0, 0.9674, 0.9956]"
crop_502_IMAG1849.JPG,bird,4,Chordata,aves,,,,,0.6569,"[0.1009, 0.056, 0.6422, 0.744]"
crop_503_IMAG1849.JPG,odontophoridae family,40,Chordata,aves,galliformes,odontophoridae,,,0.9434,"[0.0182, 0.0833, 0.9455, 0.8542]"
crop_504_IMAG1849.JPG,bird,4,Chordata,aves,,,,,0.6977,"[0.0161, 0.0094, 0.8871, 0.9434]"
crop_505_IMAG1849.JPG,bird,4,Chordata,aves,,,,,0.9397,"[0.0, 0.0, 0.9949, 0.994]"
crop_506_IMAG1849.JPG,blank,7,Chordata,,,,,,0.9945,"[0.471, 0.0682, 0.1484, 0.197]"
crop_507_IMAG1849.JPG,blank,7,Chordata,,,,,,0.7926,"[0.15, 0.0351, 0.675, 0.8947]"
crop_508_IMAG1849.JPG,blank,7,Chordata,,,,,,0.9999,"[0.2308, 0.5926, 0.25, 0.2407]"
crop_50_IMAG1546.JPG,no cv result,39,Chordata,no cv result,no cv result,no cv result,no cv result,no cv result,0.4044,"[0.0448, 0.0208, 0.8806, 0.9479]"
crop_510_IMAG2207.JPG,bos species,8,Chordata,mammalia,artiodactyla,bovidae,bos,,0.777,"[0.0024, 0.0, 0.9976, 1.0]"
crop_511_IMAG2213.JPG,no cv result,39,Chordata,no cv result,no cv result,no cv result,no cv result,no cv result,0.2457,"[0.0125, 0.0658, 0.925, 0.8816]"
crop_512_IMAG2213.JPG,bird,4,Chordata,aves,,,,,0.749,"[0.0645, 0.1176, 0.9032, 0.7882]"
crop_513_IMAG2213.JPG,no cv result,39,Chordata,no cv result,no cv result,no cv result,no cv result,no cv result,0.7807,"[0.243, 0.0625, 0.6542, 0.775]"
crop_514_IMAG2213.JPG,bird,4,Chordata,aves,,,,,0.692,"[0.0, 0.0, 0.9857, 0.8551]"
crop_515_IMAG2213.JPG,no cv result,39,Chordata,no cv result,no cv result,no cv result,no cv result,no cv result,0.3777,"[0.0, 0.0, 0.8909, 0.9383]"
crop_517_IMAG1726.JPG,bovidae family,9,Chordata,mammalia,artiodactyla,bovidae,,,0.8854,"[0.0083, 0.0, 0.99, 0.5649]"
crop_518_IMAG1915.JPG,bird,4,Chordata,aves,,,,,0.8013,"[0.0192, 0.014, 0.9231, 0.958]"
crop_519_IMAG1915.JPG,no cv result,39,Chordata,no cv result,no cv result,no cv result,no cv result,no cv result,0.3127,"[0.1134, 0.0083, 0.6701, 0.9504]"
crop_520_IMAG1915.JPG,blank,7,Chordata,,,,,,0.9788,"[0.0957, 0.0, 0.6609, 0.7043]"
crop_521_IMAG1915.JPG,bird,4,Chordata,aves,,,,,0.7253,"[0.0, 0.0, 0.9937, 0.9929]"
crop_522_IMAG1915.JPG,blank,7,Chordata,,,,,,0.9736,"[0.1522, 0.0909, 0.5652, 0.8571]"
crop_523_IMAG1915.JPG,blank,7,Chordata,,,,,,0.9999,"[0.0, 0.44, 0.1684, 0.3467]"
crop_524_IMAG1901.JPG,common wildebeest,19,Chordata,mammalia,artiodactyla,bovidae,connochaetes,taurinus,0.9366,"[0.0, 0.0018, 0.9972, 0.992]"
crop_525_IMAG1901.JPG,common wildebeest,19,Chordata,mammalia,artiodactyla,bovidae,connochaetes,taurinus,0.9407,"[0.012, 0.0, 0.8685, 0.9925]"
crop_526_IMAG1901.JPG,common wildebeest,19,Chordata,mammalia,artiodactyla,bovidae,connochaetes,taurinus,0.9567,"[0.0, 0.0, 0.9928, 1.0]"
crop_527_IMAG1901.JPG,common wildebeest,19,Chordata,mammalia,artiodactyla,bovidae,connochaetes,taurinus,0.9448,"[0.0, 0.0, 1.0, 0.9927]"
crop_528_IMAG1901.JPG,artiodactyla order,3,Chordata,mammalia,artiodactyla,,,,0.7639,"[0.4481, 0.0, 0.5519, 0.9977]"
crop_529_IMAG1929.JPG,blank,7,Chordata,,,,,,0.5946,"[0.0, 0.0, 1.0, 1.0]"
crop_52_IMAG2073.JPG,animal,2,Chordata,,,,,,0.7687,"[0.0132, 0.0225, 0.9781, 0.9551]"
crop_531_IMAG0174.JPG,bird,4,Chordata,aves,,,,,0.6678,"[0.0252, 0.0165, 0.9664, 0.9545]"
crop_532_IMAG0174.JPG,bird,4,Chordata,aves,,,,,0.6547,"[0.0, 0.0, 1.0, 0.956]"
crop_533_IMAG0174.JPG,bird,4,Chordata,aves,,,,,0.8647,"[0.0121, 0.0, 0.9758, 0.9518]"
crop_534_IMAG0174.JPG,animal,2,Chordata,,,,,,0.8985,"[0.0051, 0.0, 0.9949, 1.0]"
crop_535_IMAG0174.JPG,blank,7,Chordata,,,,,,0.9996,"[0.3462, 0.9135, 0.2788, 0.0865]"
crop_536_IMAG0174.JPG,no cv result,39,Chordata,no cv result,no cv result,no cv result,no cv result,no cv result,0.2728,"[0.0, 0.12, 0.9688, 0.83]"
crop_537_IMAG0174.JPG,no cv result,39,Chordata,no cv result,no cv result,no cv result,no cv result,no cv result,0.4745,"[0.0215, 0.023, 0.9032, 0.9425]"
crop_538_IMAG0160.JPG,mammal,38,Chordata,mammalia,,,,,0.9173,"[0.0, 0.0, 1.0, 1.0]"
crop_539_IMAG2011.JPG,common wildebeest,19,Chordata,mammalia,artiodactyla,bovidae,connochaetes,taurinus,0.6899,"[0.0007, 0.0063, 0.9954, 0.9921]"
crop_53_IMAG0102.JPG,common wildebeest,19,Chordata,mammalia,artiodactyla,bovidae,connochaetes,taurinus,0.969,"[0.0177, 0.0, 0.9735, 1.0]"
crop_540_IMAG2011.JPG,bovidae family,9,Chordata,mammalia,artiodactyla,bovidae,,,0.6519,"[0.002, 0.0, 0.9971, 0.9837]"
crop_541_IMAG1518.JPG,animal,2,Chordata,,,,,,0.8313,"[0.0, 0.0233, 1.0, 0.9674]"
crop_542_IMAG1518.JPG,bird,4,Chordata,aves,,,,,0.7074,"[0.0347, 0.0309, 0.9583, 0.9072]"
crop_544_IMAG1530.JPG,no cv result,39,Chordata,no cv result,no cv result,no cv result,no cv result,no cv result,0.7199,"[0.0152, 0.0278, 0.9545, 0.9583]"
crop_547_IMAG1295.JPG,bird,4,Chordata,aves,,,,,0.7174,"[0.0, 0.0, 0.942, 1.0]"
crop_548_IMAG1295.JPG,animal,2,Chordata,,,,,,0.8327,"[0.0, 0.0312, 0.6875, 0.6042]"
crop_551_IMAG1531.JPG,bird,4,Chordata,aves,,,,,0.7266,"[0.0123, 0.0167, 0.9836, 0.9722]"
crop_554_IMAG0161.JPG,bovidae family,9,Chordata,mammalia,artiodactyla,bovidae,,,0.7434,"[0.0, 0.0041, 1.0, 0.9918]"
crop_556_IMAG2010.JPG,common wildebeest,19,Chordata,mammalia,artiodactyla,bovidae,connochaetes,taurinus,0.9165,"[0.0, 0.0, 0.9979, 0.9717]"
crop_557_IMAG2010.JPG,no cv result,39,Chordata,no cv result,no cv result,no cv result,no cv result,no cv result,0.2441,"[0.0, 0.0632, 0.94, 0.9158]"
crop_559_IMAG0175.JPG,bird,4,Chordata,aves,,,,,0.6894,"[0.0082, 0.0, 0.9856, 0.9866]"
crop_560_IMAG0175.JPG,bird,4,Chordata,aves,,,,,0.6826,"[0.0, 0.0175, 1.0, 0.9825]"
crop_561_IMAG0175.JPG,animal,2,Chordata,,,,,,0.7321,"[0.0085, 0.0145, 0.9787, 0.9275]"
crop_562_IMAG0175.JPG,animal,2,Chordata,,,,,,0.7201,"[0.0244, 0.0, 0.9756, 0.9507]"
crop_563_IMAG0175.JPG,no cv result,39,Chordata,no cv result,no cv result,no cv result,no cv result,no cv result,0.3275,"[0.0294, 0.0128, 0.3824, 0.8782]"
crop_564_IMAG0175.JPG,bird,4,Chordata,aves,,,,,0.6938,"[0.0, 0.0375, 0.9245, 0.95]"
crop_565_IMAG0175.JPG,no cv result,39,Chordata,no cv result,no cv result,no cv result,no cv result,no cv result,0.2629,"[0.2328, 0.0, 0.5431, 0.7632]"
crop_566_IMAG1928.JPG,leopard,36,Chordata,mammalia,carnivora,felidae,panthera,pardus,0.8268,"[0.0, 0.0046, 0.9946, 0.9923]"
crop_567_IMAG1900.JPG,common wildebeest,19,Chordata,mammalia,artiodactyla,bovidae,connochaetes,taurinus,0.9278,"[0.001, 0.0068, 0.9726, 0.9752]"
crop_568_IMAG1900.JPG,artiodactyla order,3,Chordata,mammalia,artiodactyla,,,,0.7274,"[0.0, 0.0, 0.9964, 0.9714]"
crop_569_IMAG1914.JPG,canine family,10,Chordata,mammalia,carnivora,canidae,,,0.9266,"[0.0, 0.0026, 0.9981, 0.9949]"
crop_56_IMAG1787.JPG,corvus species,22,Chordata,aves,passeriformes,corvidae,corvus,,0.8314,"[0.0, 0.0132, 1.0, 0.9846]"
crop_571_IMAG1733.JPG,mammal,38,Chordata,mammalia,,,,,0.7321,"[0.0059, 0.3025, 0.9941, 0.6947]"
crop_573_IMAG2206.JPG,canine family,10,Chordata,mammalia,carnivora,canidae,,,0.9375,"[0.002, 0.0, 0.998, 0.9973]"
crop_575_IMAG1848.JPG,animal,2,Chordata,,,,,,0.9067,"[0.0, 0.0, 0.9929, 0.9944]"
crop_576_IMAG1848.JPG,bird,4,Chordata,aves,,,,,0.7051,"[0.0051, 0.0146, 0.9694, 0.9708]"
crop_577_IMAG1848.JPG,no cv result,39,Chordata,no cv result,no cv result,no cv result,no cv result,no cv result,0.576,"[0.0446, 0.0326, 0.9286, 0.6957]"
crop_578_IMAG1848.JPG,no cv result,39,Chordata,no cv result,no cv result,no cv result,no cv result,no cv result,0.3681,"[0.0, 0.0204, 0.9407, 0.8367]"
crop_579_IMAG1848.JPG,bird,4,Chordata,aves,,,,,0.6729,"[0.0164, 0.1038, 0.9508, 0.8113]"
crop_57_IMAG1793.JPG,hartebeest,33,Chordata,mammalia,artiodactyla,bovidae,alcelaphus,buselaphus,0.9518,"[0.0012, 0.0043, 0.9988, 0.7183]"
crop_580_IMAG1690.JPG,corvus species,22,Chordata,aves,passeriformes,corvidae,corvus,,0.7209,"[0.0169, 0.0, 0.9382, 0.9825]"
crop_581_IMAG1690.JPG,blank,7,Chordata,,,,,,0.9909,"[0.1489, 0.0566, 0.7234, 0.8302]"
crop_583_IMAG1874.JPG,struthioniformes order,50,Chordata,aves,struthioniformes,,,,0.992,"[0.0, 0.0181, 0.9832, 0.9638]"
crop_584_IMAG1874.JPG,no cv result,39,Chordata,no cv result,no cv result,no cv result,no cv result,no cv result,0.9095,"[0.4681, 0.3362, 0.2979, 0.6552]"
crop_585_IMAG1874.JPG,bird,4,Chordata,aves,,,,,0.7941,"[0.0245, 0.0067, 0.9755, 0.9933]"
crop_586_IMAG1874.JPG,no cv result,39,Chordata,no cv result,no cv result,no cv result,no cv result,no cv result,0.2254,"[0.2143, 0.2705, 0.6939, 0.7295]"
crop_587_IMAG1874.JPG,no cv result,39,Chordata,no cv result,no cv result,no cv result,no cv result,no cv result,0.3491,"[0.0971, 0.2323, 0.3204, 0.6667]"
crop_588_IMAG1874.JPG,blank,7,Chordata,,,,,,0.9823,"[0.0, 0.8372, 0.2152, 0.1628]"
crop_589_IMAG1874.JPG,no cv result,39,Chordata,no cv result,no cv result,no cv result,no cv result,no cv result,0.8193,"[0.0826, 0.0291, 0.7982, 0.9515]"
crop_590_IMAG1860.JPG,bird,4,Chordata,aves,,,,,0.677,"[0.044, 0.0734, 0.9497, 0.9266]"
crop_591_IMAG1860.JPG,bird,4,Chordata,aves,,,,,0.9078,"[0.0, 0.1042, 0.8351, 0.8889]"
crop_592_IMAG1860.JPG,animal,2,Chordata,,,,,,0.7058,"[0.0435, 0.1667, 0.942, 0.7368]"
crop_593_IMAG1860.JPG,no cv result,39,Chordata,no cv result,no cv result,no cv result,no cv result,no cv result,0.4979,"[0.0352, 0.0125, 0.8873, 0.9375]"
crop_594_IMAG1860.JPG,bird,4,Chordata,aves,,,,,0.8238,"[0.0, 0.0, 0.9817, 0.9831]"
crop_595_IMAG1860.JPG,no cv result,39,Chordata,no cv result,no cv result,no cv result,no cv result,no cv result,0.44,"[0.5, 0.1053, 0.4405, 0.8158]"
crop_596_IMAG1653.JPG,common eland,17,Chordata,mammalia,artiodactyla,bovidae,tragelaphus,oryx,0.8424,"[0.0, 0.0, 1.0, 1.0]"
crop_597_IMAG1653.JPG,no cv result,39,Chordata,no cv result,no cv result,no cv result,no cv result,no cv result,0.4851,"[0.3248, 0.4699, 0.1122, 0.4508]"
crop_599_IMAG1647.JPG,plains zebra,45,Chordata,mammalia,perissodactyla,equidae,equus,quagga,0.9654,"[0.0118, 0.1205, 0.9871, 0.7293]"
crop_601_IMAG2400.JPG,bird,4,Chordata,aves,,,,,0.6844,"[0.0044, 0.024, 0.9956, 0.968]"
crop_604_IMAG1492.JPG,bird,4,Chordata,aves,,,,,0.7352,"[0.0149, 0.0148, 0.9403, 0.9259]"
crop_605_IMAG1486.JPG,common wildebeest,19,Chordata,mammalia,artiodactyla,bovidae,connochaetes,taurinus,0.9707,"[0.0007, 0.0044, 0.9927, 0.9921]"
crop_606_IMAG1486.JPG,common wildebeest,19,Chordata,mammalia,artiodactyla,bovidae,connochaetes,taurinus,0.9673,"[0.0043, 0.0, 0.9829, 1.0]"
crop_607_IMAG1486.JPG,common wildebeest,19,Chordata,mammalia,artiodactyla,bovidae,connochaetes,taurinus,0.8574,"[0.0, 0.0329, 0.9963, 0.9671]"
crop_608_IMAG1486.JPG,artiodactyla order,3,Chordata,mammalia,artiodactyla,,,,0.7366,"[0.0, 0.0108, 0.9826, 0.9025]"
crop_60_IMAG1744.JPG,bird,4,Chordata,aves,,,,,0.7457,"[0.0094, 0.0, 0.9434, 0.99]"
crop_611_IMAG2158.JPG,giraffe,31,Chordata,mammalia,artiodactyla,giraffidae,giraffa,camelopardalis,0.9765,"[0.0042, 0.0, 0.9958, 1.0]"
crop_612_IMAG1451.JPG,bird,4,Chordata,aves,,,,,0.6675,"[0.0, 0.0556, 0.9375, 0.9167]"
crop_615_IMAG0015.JPG,no cv result,39,Chordata,no cv result,no cv result,no cv result,no cv result,no cv result,0.8497,"[0.1685, 0.2143, 0.7079, 0.5536]"
crop_616_IMAG0015.JPG,blank,7,Chordata,,,,,,0.9987,"[0.3582, 0.4535, 0.2463, 0.4651]"
crop_620_IMAG1479.JPG,animal,2,Chordata,,,,,,0.6738,"[0.0, 0.0, 0.9981, 0.9916]"
crop_625_IMAG0017.JPG,no cv result,39,Chordata,no cv result,no cv result,no cv result,no cv result,no cv result,0.171,"[0.005, 0.0, 0.9748, 0.9952]"
crop_627_IMAG0003.JPG,common wildebeest,19,Chordata,mammalia,artiodactyla,bovidae,connochaetes,taurinus,0.8994,"[0.0013, 0.0045, 0.9894, 0.9715]"
crop_628_IMAG2172.JPG,canine family,10,Chordata,mammalia,carnivora,canidae,,,0.9344,"[0.0012, 0.014, 0.9976, 0.9747]"
crop_629_IMAG1453.JPG,bird,4,Chordata,aves,,,,,0.7449,"[0.0085, 0.0, 0.9702, 0.9764]"
crop_62_IMAG1750.JPG,no cv result,39,Chordata,no cv result,no cv result,no cv result,no cv result,no cv result,0.2763,"[0.0328, 0.0, 0.8361, 0.9906]"
crop_630_IMAG1453.JPG,bird,4,Chordata,aves,,,,,0.7287,"[0.0088, 0.007, 0.9736, 0.8451]"
crop_631_IMAG1453.JPG,bird,4,Chordata,aves,,,,,0.765,"[0.0, 0.0377, 0.996, 0.9623]"
crop_638_IMAG1484.JPG,no cv result,39,Chordata,no cv result,no cv result,no cv result,no cv result,no cv result,0.3731,"[0.0, 0.0259, 0.9519, 0.8707]"
crop_639_IMAG1484.JPG,blank,7,Chordata,,,,,,0.9474,"[0.1651, 0.2159, 0.7064, 0.5455]"
crop_63_IMAG2259.JPG,oryx species,42,Chordata,mammalia,artiodactyla,bovidae,oryx,,0.7124,"[0.0, 0.1517, 0.9989, 0.8343]"
crop_640_IMAG2402.JPG,common ostrich,18,Chordata,aves,struthioniformes,struthionidae,struthio,camelus,0.7159,"[0.0117, 0.0034, 0.9767, 0.9865]"
crop_643_IMAG1679.JPG,rheidae family,46,Chordata,aves,struthioniformes,rheidae,,,0.8681,"[0.0023, 0.0, 0.9819, 1.0]"
crop_644_IMAG2416.JPG,canine family,10,Chordata,mammalia,carnivora,canidae,,,0.6645,"[0.029, 0.0, 0.9681, 0.9949]"
crop_646_IMAG1889.JPG,common wildebeest,19,Chordata,mammalia,artiodactyla,bovidae,connochaetes,taurinus,0.968,"[0.0014, 0.0, 0.9943, 0.9912]"
crop_647_IMAG1651.JPG,mammal,38,Chordata,mammalia,,,,,0.8277,"[0.0, 0.0, 0.998, 0.9975]"
crop_648_IMAG1651.JPG,tragelaphus species,51,Chordata,mammalia,artiodactyla,bovidae,tragelaphus,,0.6654,"[0.0, 0.0, 1.0, 1.0]"
crop_650_IMAG1876.JPG,bird,4,Chordata,aves,,,,,0.8024,"[0.0, 0.0111, 0.9842, 0.9889]"
crop_651_IMAG1876.JPG,bird,4,Chordata,aves,,,,,0.7309,"[0.0, 0.0, 0.9856, 1.0]"
crop_653_IMAG1692.JPG,secretarybird,48,Chordata,aves,accipitriformes,sagittariidae,sagittarius,serpentarius,0.7347,"[0.0, 0.0211, 0.9132, 0.9684]"
crop_654_IMAG1686.JPG,bird,4,Chordata,aves,,,,,0.9683,"[0.037, 0.0, 0.8519, 1.0]"
crop_655_IMAG1686.JPG,bird,4,Chordata,aves,,,,,0.7465,"[0.0, 0.0341, 1.0, 0.9545]"
crop_656_IMAG1719.JPG,bird,4,Chordata,aves,,,,,0.7641,"[0.0, 0.029, 0.994, 0.9565]"
crop_657_IMAG1719.JPG,bird,4,Chordata,aves,,,,,0.714,"[0.1584, 0.0094, 0.7921, 0.9717]"
crop_658_IMAG2210.JPG,canine family,10,Chordata,mammalia,carnivora,canidae,,,0.7994,"[0.0017, 0.0025, 0.9948, 0.9951]"
crop_659_IMAG2204.JPG,equus species,29,Chordata,mammalia,perissodactyla,equidae,equus,,0.657,"[0.0125, 0.1885, 0.9875, 0.7514]"
crop_661_IMAG1731.JPG,blank,7,Chordata,,,,,,0.9998,"[0.0285, 0.4667, 0.093, 0.1367]"
crop_662_IMAG2238.JPG,oryx species,42,Chordata,mammalia,artiodactyla,bovidae,oryx,,0.8757,"[0.0151, 0.2117, 0.9735, 0.7314]"
crop_663_IMAG1902.JPG,common wildebeest,19,Chordata,mammalia,artiodactyla,bovidae,connochaetes,taurinus,0.9555,"[0.0016, 0.0062, 0.9984, 0.9876]"
crop_664_IMAG1902.JPG,common wildebeest,19,Chordata,mammalia,artiodactyla,bovidae,connochaetes,taurinus,0.958,"[0.0015, 0.005, 0.9908, 0.9734]"
crop_665_IMAG1902.JPG,animal,2,Chordata,,,,,,0.7031,"[0.4728, 0.0412, 0.1046, 0.0431]"
crop_666_IMAG1916.JPG,no cv result,39,Chordata,no cv result,no cv result,no cv result,no cv result,no cv result,0.2154,"[0.0037, 0.0248, 0.9889, 0.9653]"
crop_667_IMAG1916.JPG,bird,4,Chordata,aves,,,,,0.7764,"[0.0047, 0.0, 0.9859, 0.9861]"
crop_668_IMAG1916.JPG,no cv result,39,Chordata,no cv result,no cv result,no cv result,no cv result,no cv result,0.2343,"[0.0, 0.0, 0.9883, 0.9858]"
crop_66_IMAG2265.JPG,bird,4,Chordata,aves,,,,,0.846,"[0.0411, 0.0906, 0.9589, 0.7992]"
crop_670_IMAG0163.JPG,gemsbok,30,Chordata,mammalia,artiodactyla,bovidae,oryx,gazella,0.927,"[0.0021, 0.0, 0.9957, 1.0]"
crop_671_IMAG0177.JPG,bird,4,Chordata,aves,,,,,0.8291,"[0.0, 0.0864, 0.9826, 0.8086]"
crop_672_IMAG0177.JPG,bird,4,Chordata,aves,,,,,0.6846,"[0.0059, 0.0169, 0.9941, 0.9831]"
crop_673_IMAG0177.JPG,no cv result,39,Chordata,no cv result,no cv result,no cv result,no cv result,no cv result,0.3194,"[0.0, 0.0159, 0.9861, 0.9365]"
crop_674_IMAG2006.JPG,animal,2,Chordata,,,,,,0.739,"[0.0, 0.0, 1.0, 0.9962]"
crop_675_IMAG1527.JPG,corvidae family,21,Chordata,aves,passeriformes,corvidae,,,0.9923,"[0.0, 0.0142, 0.9929, 0.9829]"
crop_676_IMAG1527.JPG,corvidae family,21,Chordata,aves,passeriformes,corvidae,,,0.9505,"[0.0046, 0.0061, 0.993, 0.9755]"
crop_679_IMAG0188.JPG,no cv result,39,Chordata,no cv result,no cv result,no cv result,no cv result,no cv result,0.3025,"[0.0227, 0.1319, 0.5, 0.5824]"
crop_67_IMAG1817.JPG,domestic cat,23,Chordata,mammalia,carnivora,felidae,felis,catus,0.9614,"[0.0, 0.0, 0.9717, 1.0]"
crop_680_IMAG0188.JPG,no cv result,39,Chordata,no cv result,no cv result,no cv result,no cv result,no cv result,0.3743,"[0.0984, 0.0909, 0.8852, 0.7045]"
crop_681_IMAG0188.JPG,animal,2,Chordata,,,,,,0.6864,"[0.0652, 0.0508, 0.8261, 0.9492]"
crop_683_IMAG1297.JPG,blank,7,Chordata,,,,,,0.9969,"[0.4667, 0.1923, 0.1704, 0.1231]"
crop_687_IMAG0176.JPG,bird,4,Chordata,aves,,,,,0.7334,"[0.0, 0.0031, 0.9974, 0.9783]"
crop_688_IMAG0176.JPG,animal,2,Chordata,,,,,,0.6093,"[0.0, 0.0034, 1.0, 0.9241]"
crop_689_IMAG0176.JPG,bird,4,Chordata,aves,,,,,0.852,"[0.0436, 0.0085, 0.9564, 0.9873]"
crop_68_IMAG1803.JPG,common wildebeest,19,Chordata,mammalia,artiodactyla,bovidae,connochaetes,taurinus,0.8075,"[0.0288, 0.0089, 0.964, 0.4197]"
crop_690_IMAG0176.JPG,animal,2,Chordata,,,,,,0.8669,"[0.0, 0.6798, 0.2411, 0.1921]"
crop_691_IMAG0176.JPG,bird,4,Chordata,aves,,,,,0.8607,"[0.0229, 0.0191, 0.9725, 0.9569]"
crop_692_IMAG0176.JPG,bird,4,Chordata,aves,,,,,0.6898,"[0.0357, 0.0435, 0.9286, 0.942]"
crop_693_IMAG0176.JPG,bird,4,Chordata,aves,,,,,0.9223,"[0.0099, 0.0296, 0.9704, 0.963]"
crop_694_IMAG0176.JPG,bird,4,Chordata,aves,,,,,0.7149,"[0.0, 0.0233, 1.0, 0.9767]"
crop_695_IMAG0176.JPG,bird,4,Chordata,aves,,,,,0.7822,"[0.0164, 0.0615, 0.9836, 0.9077]"
crop_696_IMAG0176.JPG,bird,4,Chordata,aves,,,,,0.8536,"[0.0189, 0.0263, 0.9686, 0.9211]"
crop_697_IMAG0176.JPG,bird,4,Chordata,aves,,,,,0.7577,"[0.0684, 0.0, 0.9316, 0.6856]"
crop_698_IMAG0176.JPG,bird,4,Chordata,aves,,,,,0.7215,"[0.0, 0.016, 0.9932, 0.928]"
crop_699_IMAG0176.JPG,no cv result,39,Chordata,no cv result,no cv result,no cv result,no cv result,no cv result,0.9807,"[0.0813, 0.0, 0.439, 0.5]"
crop_700_IMAG0176.JPG,bird,4,Chordata,aves,,,,,0.8438,"[0.0092, 0.0152, 0.9266, 0.9192]"
crop_701_IMAG0176.JPG,no cv result,39,Chordata,no cv result,no cv result,no cv result,no cv result,no cv result,0.7914,"[0.0, 0.1111, 0.9692, 0.7556]"
crop_702_IMAG2007.JPG,no cv result,39,Chordata,no cv result,no cv result,no cv result,no cv result,no cv result,0.9513,"[0.6324, 0.0, 0.3382, 0.7778]"
crop_703_IMAG2013.JPG,animal,2,Chordata,,,,,,0.597,"[0.0076, 0.0143, 0.9389, 0.9857]"
crop_704_IMAG0162.JPG,panthera species,43,Chordata,mammalia,carnivora,felidae,panthera,,0.9605,"[0.0012, 0.0075, 0.9674, 0.99]"
crop_706_IMAG1903.JPG,common wildebeest,19,Chordata,mammalia,artiodactyla,bovidae,connochaetes,taurinus,0.9636,"[0.0, 0.0062, 0.9926, 0.9671]"
crop_707_IMAG2239.JPG,hartebeest,33,Chordata,mammalia,artiodactyla,bovidae,alcelaphus,buselaphus,0.927,"[0.0, 0.0059, 0.9909, 0.9853]"
crop_708_IMAG1730.JPG,bovidae family,9,Chordata,mammalia,artiodactyla,bovidae,,,0.8397,"[0.0091, 0.046, 0.9909, 0.7268]"
crop_709_IMAG1724.JPG,no cv result,39,Chordata,no cv result,no cv result,no cv result,no cv result,no cv result,0.1934,"[0.0195, 0.0128, 0.9766, 0.9573]"
crop_70_IMAG1630.JPG,bird,4,Chordata,aves,,,,,0.8606,"[0.1824, 0.0325, 0.7905, 0.8701]"
crop_710_IMAG1724.JPG,animal,2,Chordata,,,,,,0.632,"[0.0, 0.027, 0.9832, 0.9009]"
crop_712_IMAG2211.JPG,bird,4,Chordata,aves,,,,,0.715,"[0.0182, 0.0, 0.9697, 0.9263]"
crop_713_IMAG2211.JPG,bird,4,Chordata,aves,,,,,0.8268,"[0.0, 0.0562, 0.8396, 0.8315]"
crop_714_IMAG2211.JPG,bird,4,Chordata,aves,,,,,0.8122,"[0.0, 0.0114, 0.9872, 0.9886]"
crop_715_IMAG2211.JPG,animal,2,Chordata,,,,,,0.682,"[0.0469, 0.0714, 0.9375, 0.8095]"
crop_716_IMAG2211.JPG,no cv result,39,Chordata,no cv result,no cv result,no cv result,no cv result,no cv result,0.4809,"[0.0, 0.3768, 0.6, 0.6087]"
crop_717_IMAG2211.JPG,bird,4,Chordata,aves,,,,,0.8426,"[0.0115, 0.0, 0.954, 0.9888]"
crop_718_IMAG2211.JPG,animal,2,Chordata,,,,,,0.6703,"[0.1538, 0.0, 0.7436, 0.4662]"
crop_719_IMAG2211.JPG,bird,4,Chordata,aves,,,,,0.6511,"[0.0, 0.0676, 0.9938, 0.9189]"
crop_71_IMAG1630.JPG,bird,4,Chordata,aves,,,,,0.919,"[0.0, 0.0412, 1.0, 0.9588]"
crop_721_IMAG1687.JPG,bird,4,Chordata,aves,,,,,0.7381,"[0.0179, 0.05, 0.9375, 0.9333]"
crop_724_IMAG1877.JPG,bird,4,Chordata,aves,,,,,0.8148,"[0.0305, 0.0116, 0.8659, 0.9884]"
crop_725_IMAG1877.JPG,no cv result,39,Chordata,no cv result,no cv result,no cv result,no cv result,no cv result,0.8471,"[0.8505, 0.0, 0.1495, 0.9048]"
crop_727_IMAG1650.JPG,common eland,17,Chordata,mammalia,artiodactyla,bovidae,tragelaphus,oryx,0.8211,"[0.0, 0.0, 1.0, 1.0]"
crop_728_IMAG1888.JPG,common wildebeest,19,Chordata,mammalia,artiodactyla,bovidae,connochaetes,taurinus,0.9529,"[0.0, 0.0041, 0.9984, 0.9886]"
crop_729_IMAG2359.JPG,animal,2,Chordata,,,,,,0.8255,"[0.0062, 0.1894, 0.9568, 0.7357]"
crop_730_IMAG2359.JPG,animal,2,Chordata,,,,,,0.5224,"[0.0203, 0.0417, 0.8716, 0.9167]"
crop_731_IMAG1678.JPG,rheidae family,46,Chordata,aves,struthioniformes,rheidae,,,0.7828,"[0.0046, 0.0, 0.9583, 0.9614]"
crop_732_IMAG2371.JPG,bird,4,Chordata,aves,,,,,0.7005,"[0.0952, 0.1562, 0.8571, 0.7969]"
crop_733_IMAG2417.JPG,artiodactyla order,3,Chordata,mammalia,artiodactyla,,,,0.7967,"[0.0118, 0.2113, 0.9882, 0.744]"
crop_734_IMAG2403.JPG,struthioniformes order,50,Chordata,aves,struthioniformes,,,,0.9862,"[0.0089, 0.0123, 0.9889, 0.9847]"
crop_736_IMAG1485.JPG,animal,2,Chordata,,,,,,0.7291,"[0.011, 0.0268, 0.6961, 0.8523]"
crop_737_IMAG1485.JPG,no cv result,39,Chordata,no cv result,no cv result,no cv result,no cv result,no cv result,0.3486,"[0.0833, 0.0, 0.7262, 0.9892]"
crop_739_IMAG2198.JPG,no cv result,39,Chordata,no cv result,no cv result,no cv result,no cv result,no cv result,0.259,"[0.0, 0.0, 1.0, 1.0]"
crop_73_IMAG2463.JPG,gemsbok,30,Chordata,mammalia,artiodactyla,bovidae,oryx,gazella,0.8066,"[0.0602, 0.0061, 0.9365, 0.9939]"
crop_740_IMAG1320.JPG,animal,2,Chordata,,,,,,0.6622,"[0.0, 0.0149, 0.9512, 0.9502]"
crop_741_IMAG1320.JPG,blank,7,Chordata,,,,,,0.9942,"[0.025, 0.0, 0.95, 1.0]"
crop_742_IMAG1446.JPG,bird,4,Chordata,aves,,,,,0.7083,"[0.0, 0.0174, 0.9722, 0.9739]"
crop_743_IMAG1446.JPG,bird,4,Chordata,aves,,,,,0.7831,"[0.2162, 0.0522, 0.7838, 0.9043]"
crop_747_IMAG2173.JPG,animal,2,Chordata,,,,,,0.6904,"[0.0323, 0.0411, 0.9032, 0.8082]"
crop_748_IMAG2173.JPG,bird,4,Chordata,aves,,,,,0.7156,"[0.0226, 0.0, 0.9699, 0.975]"
crop_752_IMAG0016.JPG,black-backed jackal,6,Chordata,mammalia,carnivora,canidae,canis,mesomelas,0.6617,"[0.0991, 0.2222, 0.7838, 0.7185]"
crop_753_IMAG1330.JPG,animal,2,Chordata,,,,,,0.6996,"[0.0155, 0.0, 0.9741, 1.0]"
crop_755_IMAG1442.JPG,animal,2,Chordata,,,,,,0.6185,"[0.0238, 0.3571, 0.6905, 0.6122]"
crop_756_IMAG1324.JPG,no cv result,39,Chordata,no cv result,no cv result,no cv result,no cv result,no cv result,0.5265,"[0.0253, 0.0682, 0.8987, 0.8977]"
crop_757_IMAG1324.JPG,no cv result,39,Chordata,no cv result,no cv result,no cv result,no cv result,no cv result,0.4005,"[0.0099, 0.0, 0.9208, 0.8596]"
crop_758_IMAG1324.JPG,blank,7,Chordata,,,,,,0.9998,"[0.3289, 0.25, 0.1974, 0.5]"
crop_75_IMAG2311.JPG,bovidae family,9,Chordata,mammalia,artiodactyla,bovidae,,,0.9131,"[0.0304, 0.1647, 0.9696, 0.7348]"
crop_763_IMAG2177.JPG,accipitridae family,1,Chordata,aves,accipitriformes,accipitridae,,,0.7176,"[0.0104, 0.0062, 0.9896, 0.9815]"
crop_764_IMAG2177.JPG,blank,7,Chordata,,,,,,0.9932,"[0.8073, 0.5657, 0.1927, 0.2121]"
crop_765_IMAG0006.JPG,bird,4,Chordata,aves,,,,,0.7252,"[0.0392, 0.0145, 0.9608, 0.9855]"
crop_766_IMAG0006.JPG,blank,7,Chordata,,,,,,0.9127,"[0.0058, 0.0291, 0.9942, 0.9612]"
crop_76_IMAG2311.JPG,bird,4,Chordata,aves,,,,,0.806,"[0.0128, 0.0147, 0.9872, 0.9559]"
crop_772_IMAG1898.JPG,corvus species,22,Chordata,aves,passeriformes,corvidae,corvus,,0.6692,"[0.0, 0.019, 0.9869, 0.981]"
crop_773_IMAG1898.JPG,no cv result,39,Chordata,no cv result,no cv result,no cv result,no cv result,no cv result,0.6076,"[0.04, 0.0133, 0.92, 0.9867]"
crop_774_IMAG1898.JPG,no cv result,39,Chordata,no cv result,no cv result,no cv result,no cv result,no cv result,0.6704,"[0.0682, 0.0536, 0.9091, 0.9464]"
crop_776_IMAG2349.JPG,cervidae family,14,Chordata,mammalia,artiodactyla,cervidae,,,0.895,"[0.0, 0.0, 1.0, 1.0]"
crop_777_IMAG1668.JPG,animal,2,Chordata,,,,,,0.8051,"[0.0052, 0.0109, 0.9895, 0.9783]"
crop_778_IMAG1668.JPG,bird,4,Chordata,aves,,,,,0.7173,"[0.028, 0.0361, 0.9346, 0.8675]"
crop_77_IMAG1618.JPG,bird,4,Chordata,aves,,,,,0.7322,"[0.0, 0.0, 1.0, 0.9722]"
crop_781_IMAG2413.JPG,common wildebeest,19,Chordata,mammalia,artiodactyla,bovidae,connochaetes,taurinus,0.9513,"[0.0022, 0.0, 0.9935, 0.9818]"
crop_784_IMAG1683.JPG,bird,4,Chordata,aves,,,,,0.6747,"[0.0023, 0.0104, 0.9908, 0.987]"
crop_788_IMAG1720.JPG,bird,4,Chordata,aves,,,,,0.658,"[0.0, 0.0142, 0.9899, 0.9858]"
crop_789_IMAG1720.JPG,bird,4,Chordata,aves,,,,,0.8654,"[0.0638, 0.0196, 0.9362, 0.9216]"
crop_78_IMAG0089.JPG,mammal,38,Chordata,mammalia,,,,,0.721,"[0.0121, 0.0714, 0.9879, 0.4244]"
crop_790_IMAG1720.JPG,bird,4,Chordata,aves,,,,,0.6766,"[0.0, 0.0216, 0.9213, 0.9784]"
crop_791_IMAG1720.JPG,bird,4,Chordata,aves,,,,,0.7963,"[0.0177, 0.0341, 0.9204, 0.875]"
crop_792_IMAG1720.JPG,bird,4,Chordata,aves,,,,,0.8959,"[0.0, 0.0, 1.0, 0.9846]"
crop_793_IMAG1720.JPG,bird,4,Chordata,aves,,,,,0.717,"[0.0336, 0.0843, 0.9664, 0.9157]"
crop_794_IMAG1720.JPG,no cv result,39,Chordata,no cv result,no cv result,no cv result,no cv result,no cv result,0.7251,"[0.0, 0.0, 0.575, 0.55]"
crop_795_IMAG1720.JPG,no cv result,39,Chordata,no cv result,no cv result,no cv result,no cv result,no cv result,0.9183,"[0.2558, 0.1852, 0.7442, 0.6296]"
crop_796_IMAG1720.JPG,blank,7,Chordata,,,,,,0.9993,"[0.0075, 0.3091, 0.5188, 0.6364]"
crop_797_IMAG1734.JPG,bovidae family,9,Chordata,mammalia,artiodactyla,bovidae,,,0.8156,"[0.0, 0.0883, 1.0, 0.8434]"
crop_799_IMAG2201.JPG,panthera species,43,Chordata,mammalia,carnivora,felidae,panthera,,0.9095,"[0.0063, 0.0125, 0.9937, 0.4829]"
crop_800_IMAG1708.JPG,corvus species,22,Chordata,aves,passeriformes,corvidae,corvus,,0.8991,"[0.022, 0.0, 0.9648, 1.0]"
crop_801_IMAG1907.JPG,common wildebeest,19,Chordata,mammalia,artiodactyla,bovidae,connochaetes,taurinus,0.9537,"[0.0, 0.0035, 0.9977, 0.9922]"
crop_802_IMAG1907.JPG,bovidae family,9,Chordata,mammalia,artiodactyla,bovidae,,,0.9402,"[0.0, 0.0, 0.9919, 1.0]"
crop_804_IMAG1522.JPG,bird,4,Chordata,aves,,,,,0.729,"[0.0069, 0.0054, 0.8276, 0.9185]"
crop_805_IMAG1536.JPG,corvidae family,21,Chordata,aves,passeriformes,corvidae,,,0.9453,"[0.0, 0.0, 1.0, 1.0]"
crop_806_IMAG1536.JPG,corvus species,22,Chordata,aves,passeriformes,corvidae,corvus,,0.7198,"[0.0089, 0.0086, 0.9881, 0.9871]"
crop_807_IMAG0166.JPG,common eland,17,Chordata,mammalia,artiodactyla,bovidae,tragelaphus,oryx,0.971,"[0.0, 0.0029, 0.9848, 0.9943]"
crop_808_IMAG2017.JPG,animal,2,Chordata,,,,,,0.9198,"[0.0, 0.0081, 0.9907, 0.9898]"
crop_80_IMAG1383.JPG,domestic goat,26,Chordata,mammalia,artiodactyla,bovidae,capra,aegagrus hircus,0.6964,"[0.0064, 0.3061, 0.9915, 0.6604]"
crop_810_IMAG0172.JPG,bird,4,Chordata,aves,,,,,0.7901,"[0.0, 0.0, 0.9915, 0.9884]"
crop_811_IMAG0172.JPG,bird,4,Chordata,aves,,,,,0.6692,"[0.0085, 0.0103, 0.812, 0.9759]"
crop_812_IMAG0172.JPG,animal,2,Chordata,,,,,,0.6091,"[0.0, 0.0148, 0.986, 0.9741]"
crop_813_IMAG0172.JPG,animal,2,Chordata,,,,,,0.8984,"[0.0029, 0.0196, 0.9943, 0.9755]"
crop_814_IMAG0172.JPG,no cv result,39,Chordata,no cv result,no cv result,no cv result,no cv result,no cv result,0.2726,"[0.3051, 0.0814, 0.661, 0.8488]"
crop_815_IMAG0172.JPG,no cv result,39,Chordata,no cv result,no cv result,no cv result,no cv result,no cv result,0.2731,"[0.0078, 0.008, 0.8682, 0.712]"
crop_816_IMAG0172.JPG,no cv result,39,Chordata,no cv result,no cv result,no cv result,no cv result,no cv result,0.1622,"[0.0686, 0.0423, 0.9314, 0.8995]"
crop_817_IMAG0172.JPG,animal,2,Chordata,,,,,,0.7756,"[0.2041, 0.0, 0.7918, 0.8418]"
crop_818_IMAG0172.JPG,bird,4,Chordata,aves,,,,,0.7603,"[0.023, 0.0, 0.977, 0.9672]"
crop_819_IMAG0172.JPG,animal,2,Chordata,,,,,,0.8541,"[0.0, 0.0741, 1.0, 0.9259]"
crop_81_IMAG1432.JPG,bird,4,Chordata,aves,,,,,0.8046,"[0.0, 0.0323, 0.9315, 0.9355]"
crop_820_IMAG0172.JPG,bird,4,Chordata,aves,,,,,0.6611,"[0.1094, 0.0575, 0.7812, 0.9425]"
crop_821_IMAG0172.JPG,bird,4,Chordata,aves,,,,,0.7381,"[0.0615, 0.0331, 0.9385, 0.9091]"
crop_822_IMAG0172.JPG,blank,7,Chordata,,,,,,0.9998,"[0.5591, 0.0303, 0.2151, 0.3636]"
crop_823_IMAG0172.JPG,no cv result,39,Chordata,no cv result,no cv result,no cv result,no cv result,no cv result,0.4081,"[0.2553, 0.069, 0.617, 0.8851]"
crop_824_IMAG0172.JPG,bird,4,Chordata,aves,,,,,0.6553,"[0.023, 0.3208, 0.4943, 0.6415]"
crop_825_IMAG0172.JPG,no cv result,39,Chordata,no cv result,no cv result,no cv result,no cv result,no cv result,0.194,"[0.1064, 0.0, 0.8511, 0.9806]"
crop_826_IMAG0172.JPG,no cv result,39,Chordata,no cv result,no cv result,no cv result,no cv result,no cv result,0.4737,"[0.1351, 0.0769, 0.7568, 0.9231]"
crop_827_IMAG1287.JPG,bird,4,Chordata,aves,,,,,0.7871,"[0.0182, 0.0, 0.9364, 0.8993]"
crop_828_IMAG1287.JPG,bird,4,Chordata,aves,,,,,0.6599,"[0.0137, 0.0314, 0.9041, 0.8868]"
crop_829_IMAG1287.JPG,bird,4,Chordata,aves,,,,,0.7196,"[0.0769, 0.0678, 0.9077, 0.8814]"
crop_82_IMAG1432.JPG,no cv result,39,Chordata,no cv result,no cv result,no cv result,no cv result,no cv result,0.3303,"[0.0729, 0.0275, 0.8958, 0.9725]"
crop_830_IMAG1287.JPG,blank,7,Chordata,,,,,,0.705,"[0.6111, 0.0526, 0.3333, 0.6316]"
crop_831_IMAG1287.JPG,blank,7,Chordata,,,,,,0.9953,"[0.2644, 0.2254, 0.2759, 0.4366]"
crop_832_IMAG1287.JPG,no cv result,39,Chordata,no cv result,no cv result,no cv result,no cv result,no cv result,0.5032,"[0.0678, 0.0377, 0.9153, 0.8868]"
crop_836_IMAG2002.JPG,secretarybird,48,Chordata,aves,accipitriformes,sagittariidae,sagittarius,serpentarius,0.7641,"[0.0126, 0.0, 0.9874, 0.9928]"
crop_837_IMAG2002.JPG,corvus species,22,Chordata,aves,passeriformes,corvidae,corvus,,0.9134,"[0.0328, 0.0, 0.959, 0.9809]"
crop_838_IMAG0173.JPG,bird,4,Chordata,aves,,,,,0.8593,"[0.0824, 0.0135, 0.9011, 0.8311]"
crop_839_IMAG0173.JPG,animal,2,Chordata,,,,,,0.735,"[0.0, 0.0, 1.0, 0.9604]"
crop_840_IMAG0173.JPG,animal,2,Chordata,,,,,,0.5288,"[0.0154, 0.0, 0.9538, 1.0]"
crop_841_IMAG0173.JPG,animal,2,Chordata,,,,,,0.5399,"[0.0, 0.0, 0.9804, 0.9876]"
crop_842_IMAG0173.JPG,no cv result,39,Chordata,no cv result,no cv result,no cv result,no cv result,no cv result,0.426,"[0.0, 0.041, 0.984, 0.959]"
crop_843_IMAG0173.JPG,no cv result,39,Chordata,no cv result,no cv result,no cv result,no cv result,no cv result,0.1417,"[0.0433, 0.437, 0.9567, 0.5588]"
crop_844_IMAG0173.JPG,bird,4,Chordata,aves,,,,,0.8676,"[0.0267, 0.0152, 0.9333, 0.9697]"
crop_845_IMAG0173.JPG,no cv result,39,Chordata,no cv result,no cv result,no cv result,no cv result,no cv result,0.0932,"[0.0535, 0.125, 0.9305, 0.7917]"
crop_846_IMAG0173.JPG,blank,7,Chordata,,,,,,0.5927,"[0.0, 0.0, 0.4403, 0.7733]"
crop_847_IMAG0173.JPG,blank,7,Chordata,,,,,,0.9985,"[0.172, 0.0, 0.3441, 0.3019]"
crop_848_IMAG0173.JPG,no cv result,39,Chordata,no cv result,no cv result,no cv result,no cv result,no cv result,0.1672,"[0.18, 0.0449, 0.78, 0.8876]"
crop_849_IMAG0173.JPG,blank,7,Chordata,,,,,,0.6123,"[0.0, 0.0, 0.5, 0.5833]"
crop_84_IMAG1340.JPG,bird,4,Chordata,aves,,,,,0.7564,"[0.3286, 0.0, 0.6429, 0.9783]"
crop_850_IMAG0173.JPG,no cv result,39,Chordata,no cv result,no cv result,no cv result,no cv result,no cv result,0.3983,"[0.1974, 0.0, 0.8026, 1.0]"
crop_851_IMAG0173.JPG,bird,4,Chordata,aves,,,,,0.8335,"[0.0123, 0.0588, 0.9877, 0.9265]"
crop_852_IMAG0173.JPG,bird,4,Chordata,aves,,,,,0.7539,"[0.0417, 0.0519, 0.875, 0.8701]"
crop_853_IMAG0173.JPG,bird,4,Chordata,aves,,,,,0.8115,"[0.023, 0.0565, 0.977, 0.9355]"
crop_854_IMAG0167.JPG,animal,2,Chordata,,,,,,0.7051,"[0.0021, 0.0, 0.9925, 1.0]"
crop_855_IMAG0167.JPG,common eland,17,Chordata,mammalia,artiodactyla,bovidae,tragelaphus,oryx,0.9787,"[0.0, 0.2118, 0.9945, 0.7403]"
crop_857_IMAG1537.JPG,bird,4,Chordata,aves,,,,,0.8733,"[0.0099, 0.0, 0.9834, 0.9882]"
crop_858_IMAG1537.JPG,bird,4,Chordata,aves,,,,,0.7407,"[0.0536, 0.0, 0.9405, 0.9838]"
crop_85_IMAG1340.JPG,bird,4,Chordata,aves,,,,,0.6878,"[0.0, 0.0395, 1.0, 0.8947]"
crop_861_IMAG1906.JPG,animal,2,Chordata,,,,,,0.8766,"[0.0149, 0.016, 0.9665, 0.984]"
crop_862_IMAG1906.JPG,bovidae family,9,Chordata,mammalia,artiodactyla,bovidae,,,0.806,"[0.0, 0.0298, 0.9748, 0.9447]"
crop_863_IMAG1709.JPG,animal,2,Chordata,,,,,,0.6761,"[0.0143, 0.0122, 0.9, 0.9878]"
crop_864_IMAG1709.JPG,no cv result,39,Chordata,no cv result,no cv result,no cv result,no cv result,no cv result,0.4968,"[0.0488, 0.0, 0.9512, 0.9767]"
crop_865_IMAG1709.JPG,corvus species,22,Chordata,aves,passeriformes,corvidae,corvus,,0.7557,"[0.0161, 0.1159, 0.9032, 0.8261]"
crop_866_IMAG2200.JPG,panthera species,43,Chordata,mammalia,carnivora,felidae,panthera,,0.7606,"[0.0, 0.004, 1.0, 0.996]"
crop_867_IMAG2214.JPG,no cv result,39,Chordata,no cv result,no cv result,no cv result,no cv result,no cv result,0.3285,"[0.0, 0.0, 0.9121, 0.7865]"
crop_868_IMAG2214.JPG,animal,2,Chordata,,,,,,0.5804,"[0.0652, 0.1321, 0.9348, 0.8302]"
crop_869_IMAG1735.JPG,animal,2,Chordata,,,,,,0.5746,"[0.0075, 0.0, 0.9887, 1.0]"
crop_86_IMAG1426.JPG,bird,4,Chordata,aves,,,,,0.8587,"[0.0549, 0.0315, 0.9207, 0.9449]"
crop_873_IMAG1872.JPG,bird,4,Chordata,aves,,,,,0.909,"[0.057, 0.0, 0.9345, 0.9977]"
crop_874_IMAG1872.JPG,secretarybird,48,Chordata,aves,accipitriformes,sagittariidae,sagittarius,serpentarius,0.841,"[0.0018, 0.0, 0.9908, 0.9861]"
crop_875_IMAG1872.JPG,no cv result,39,Chordata,no cv result,no cv result,no cv result,no cv result,no cv result,0.2009,"[0.0063, 0.0077, 0.9833, 0.9897]"
crop_876_IMAG1682.JPG,bird,4,Chordata,aves,,,,,0.9718,"[0.0, 0.0305, 0.9773, 0.9239]"
crop_877_IMAG1682.JPG,bird,4,Chordata,aves,,,,,0.773,"[0.0323, 0.0186, 0.9516, 0.9814]"
crop_879_IMAG2412.JPG,hartebeest,33,Chordata,mammalia,artiodactyla,bovidae,alcelaphus,buselaphus,0.9398,"[0.0, 0.0, 0.9968, 0.9916]"
crop_87_IMAG2107.JPG,canis species,11,Chordata,mammalia,carnivora,canidae,canis,,0.6937,"[0.0082, 0.0, 0.8115, 1.0]"
crop_881_IMAG2360.JPG,blank,7,Chordata,,,,,,0.9996,"[0.3333, 0.0, 0.2111, 0.2637]"
crop_882_IMAG2360.JPG,blank,7,Chordata,,,,,,0.9217,"[0.5055, 0.0, 0.3407, 0.6389]"
crop_885_IMAG2348.JPG,animal,2,Chordata,,,,,,0.9378,"[0.0035, 0.2129, 0.9568, 0.7406]"
crop_886_IMAG1641.JPG,no cv result,39,Chordata,no cv result,no cv result,no cv result,no cv result,no cv result,0.2552,"[0.1415, 0.0438, 0.7642, 0.8832]"
crop_887_IMAG1899.JPG,bird,4,Chordata,aves,,,,,0.7552,"[0.1053, 0.0079, 0.8882, 0.7041]"
crop_888_IMAG1899.JPG,bird,4,Chordata,aves,,,,,0.782,"[0.6316, 0.0245, 0.3509, 0.2451]"
crop_889_IMAG1655.JPG,no cv result,39,Chordata,no cv result,no cv result,no cv result,no cv result,no cv result,0.8823,"[0.67, 0.7202, 0.33, 0.2798]"
crop_890_IMAG2189.JPG,bird,4,Chordata,aves,,,,,0.6542,"[0.0079, 0.0, 0.9606, 0.9845]"
crop_891_IMAG1480.JPG,panthera species,43,Chordata,mammalia,carnivora,felidae,panthera,,0.9127,"[0.0, 0.0, 0.9981, 1.0]"
crop_892_IMAG1480.JPG,panthera species,43,Chordata,mammalia,carnivora,felidae,panthera,,0.8037,"[0.0, 0.0093, 1.0, 0.9889]"
crop_893_IMAG1494.JPG,bird,4,Chordata,aves,,,,,0.8736,"[0.0227, 0.0078, 0.947, 0.965]"
crop_894_IMAG2176.JPG,bird,4,Chordata,aves,,,,,0.7053,"[0.024, 0.5278, 0.7725, 0.4722]"
crop_896_IMAG0007.JPG,bird,4,Chordata,aves,,,,,0.7753,"[0.0, 0.1657, 0.984, 0.7371]"
crop_899_IMAG1443.JPG,bird,4,Chordata,aves,,,,,0.841,"[0.0042, 0.0039, 0.9875, 0.9727]"
crop_89_IMAG0076.JPG,mammal,38,Chordata,mammalia,,,,,0.6645,"[0.0, 0.0, 1.0, 1.0]"
crop_8_IMAG1355.JPG,animal,2,Chordata,,,,,,0.6643,"[0.0, 0.0989, 0.7293, 0.5055]"
crop_903_IMAG0039.JPG,animal,2,Chordata,,,,,,0.8005,"[0.0, 0.0, 1.0, 0.9412]"
crop_904_IMAG1327.JPG,no cv result,39,Chordata,no cv result,no cv result,no cv result,no cv result,no cv result,0.8318,"[0.039, 0.0476, 0.9221, 0.9365]"
crop_905_IMAG1327.JPG,bird,4,Chordata,aves,,,,,0.7004,"[0.0, 0.098, 0.95, 0.8627]"
crop_906_IMAG1327.JPG,blank,7,Chordata,,,,,,0.9745,"[0.0, 0.3571, 0.4568, 0.2959]"
crop_90_IMAG0062.JPG,animal,2,Chordata,,,,,,0.5487,"[0.0037, 0.1204, 0.7778, 0.8139]"
crop_910_IMAG1455.JPG,no cv result,39,Chordata,no cv result,no cv result,no cv result,no cv result,no cv result,0.579,"[0.0, 0.0202, 1.0, 0.9798]"
crop_914_IMAG2160.JPG,giraffe,31,Chordata,mammalia,artiodactyla,giraffidae,giraffa,camelopardalis,0.9566,"[0.0, 0.0, 0.9926, 0.9579]"
crop_915_IMAG1469.JPG,oryx species,42,Chordata,mammalia,artiodactyla,bovidae,oryx,,0.7418,"[0.0, 0.2173, 0.9853, 0.7394]"
crop_916_IMAG1469.JPG,bovidae family,9,Chordata,mammalia,artiodactyla,bovidae,,,0.665,"[0.0, 0.3314, 1.0, 0.6663]"
crop_918_IMAG1482.JPG,common wildebeest,19,Chordata,mammalia,artiodactyla,bovidae,connochaetes,taurinus,0.9439,"[0.0028, 0.0, 0.9943, 1.0]"
crop_919_IMAG1496.JPG,no cv result,39,Chordata,no cv result,no cv result,no cv result,no cv result,no cv result,0.8689,"[0.2128, 0.1667, 0.5957, 0.6042]"
crop_91_IMAG0062.JPG,bird,4,Chordata,aves,,,,,0.8401,"[0.0, 0.0714, 0.9789, 0.8839]"
crop_921_IMAG2438.JPG,gemsbok,30,Chordata,mammalia,artiodactyla,bovidae,oryx,gazella,0.7571,"[0.0023, 0.0, 0.9887, 1.0]"
crop_922_IMAG1657.JPG,mammal,38,Chordata,mammalia,,,,,0.9229,"[0.0072, 0.1119, 0.9928, 0.8566]"
crop_923_IMAG2376.JPG,plains zebra,45,Chordata,mammalia,perissodactyla,equidae,equus,quagga,0.8184,"[0.0, 0.0021, 0.9982, 0.9897]"
crop_925_IMAG2404.JPG,common ostrich,18,Chordata,aves,struthioniformes,struthionidae,struthio,camelus,0.9344,"[0.0, 0.0162, 0.9876, 0.8684]"
crop_929_IMAG1858.JPG,animal,2,Chordata,,,,,,0.9627,"[0.0037, 0.0102, 0.9926, 0.9847]"
crop_92_IMAG2113.JPG,blank,7,Chordata,,,,,,0.7668,"[0.8465, 0.6166, 0.1535, 0.3834]"
crop_932_IMAG1870.JPG,bird,4,Chordata,aves,,,,,0.8031,"[0.0, 0.0036, 0.9816, 0.991]"
crop_933_IMAG1737.JPG,common wildebeest,19,Chordata,mammalia,artiodactyla,bovidae,connochaetes,taurinus,0.7246,"[0.0067, 0.0, 0.9916, 0.5934]"
crop_935_IMAG2202.JPG,bovidae family,9,Chordata,mammalia,artiodactyla,bovidae,,,0.6652,"[0.0, 0.0, 0.9974, 0.9874]"
crop_936_IMAG2216.JPG,no cv result,39,Chordata,no cv result,no cv result,no cv result,no cv result,no cv result,0.4703,"[0.0, 0.0847, 0.9891, 0.8983]"
crop_938_IMAG1910.JPG,gemsbok,30,Chordata,mammalia,artiodactyla,bovidae,oryx,gazella,0.7932,"[0.0015, 0.0, 0.9909, 1.0]"
crop_940_IMAG1910.JPG,bird,4,Chordata,aves,,,,,0.7355,"[0.0201, 0.023, 0.9664, 0.9263]"
crop_941_IMAG1904.JPG,common wildebeest,19,Chordata,mammalia,artiodactyla,bovidae,connochaetes,taurinus,0.9507,"[0.0, 0.0, 0.9931, 1.0]"
crop_942_IMAG1904.JPG,common wildebeest,19,Chordata,mammalia,artiodactyla,bovidae,connochaetes,taurinus,0.9509,"[0.0, 0.0, 0.9908, 0.9554]"
crop_943_IMAG1535.JPG,corvidae family,21,Chordata,aves,passeriformes,corvidae,,,0.9301,"[0.0045, 0.0033, 0.9955, 0.9967]"
crop_946_IMAG0159.JPG,rodent,47,Chordata,mammalia,rodentia,,,,0.8002,"[0.1515, 0.0037, 0.8474, 0.9902]"
crop_947_IMAG0171.JPG,bird,4,Chordata,aves,,,,,0.7621,"[0.002, 0.0155, 0.9959, 0.9806]"
crop_948_IMAG0171.JPG,animal,2,Chordata,,,,,,0.9412,"[0.014, 0.0, 0.986, 0.9949]"
crop_949_IMAG0171.JPG,blank,7,Chordata,,,,,,0.884,"[0.0084, 0.0, 0.2353, 0.5185]"
crop_950_IMAG0171.JPG,bird,4,Chordata,aves,,,,,0.6977,"[0.0, 0.0217, 1.0, 0.9674]"
crop_951_IMAG0171.JPG,no cv result,39,Chordata,no cv result,no cv result,no cv result,no cv result,no cv result,0.1188,"[0.0982, 0.1875, 0.8393, 0.625]"
crop_952_IMAG0171.JPG,no cv result,39,Chordata,no cv result,no cv result,no cv result,no cv result,no cv result,0.1332,"[0.2283, 0.4151, 0.7283, 0.5094]"
crop_953_IMAG0171.JPG,no cv result,39,Chordata,no cv result,no cv result,no cv result,no cv result,no cv result,0.1866,"[0.0, 0.2188, 0.9753, 0.7656]"
crop_954_IMAG0171.JPG,bird,4,Chordata,aves,,,,,0.7807,"[0.0469, 0.027, 0.6875, 0.8108]"
crop_956_IMAG2000.JPG,bird,4,Chordata,aves,,,,,0.7054,"[0.0041, 0.0432, 0.9876, 0.9506]"
crop_957_IMAG2000.JPG,secretarybird,48,Chordata,aves,accipitriformes,sagittariidae,sagittarius,serpentarius,0.7069,"[0.0172, 0.0088, 0.9569, 0.9737]"
crop_959_IMAG0165.JPG,bovidae family,9,Chordata,mammalia,artiodactyla,bovidae,,,0.7442,"[0.2225, 0.2433, 0.7713, 0.7512]"
crop_95_IMAG2111.JPG,no cv result,39,Chordata,no cv result,no cv result,no cv result,no cv result,no cv result,0.1897,"[0.0, 0.0199, 0.9961, 0.9428]"
crop_960_IMAG0165.JPG,common wildebeest,19,Chordata,mammalia,artiodactyla,bovidae,connochaetes,taurinus,0.9088,"[0.0016, 0.0094, 0.9984, 0.7455]"
crop_961_IMAG0165.JPG,bovidae family,9,Chordata,mammalia,artiodactyla,bovidae,,,0.6977,"[0.1863, 0.0047, 0.8065, 0.986]"
crop_962_IMAG0165.JPG,common wildebeest,19,Chordata,mammalia,artiodactyla,bovidae,connochaetes,taurinus,0.9113,"[0.0011, 0.0096, 0.9944, 0.9796]"
crop_963_IMAG1290.JPG,blank,7,Chordata,,,,,,0.9939,"[0.0938, 0.0893, 0.4375, 0.625]"
crop_965_IMAG1285.JPG,blank,7,Chordata,,,,,,0.9875,"[0.0262, 0.4115, 0.4644, 0.5833]"
crop_968_IMAG0164.JPG,gemsbok,30,Chordata,mammalia,artiodactyla,bovidae,oryx,gazella,0.8608,"[0.0073, 0.0009, 0.9908, 0.7442]"
crop_969_IMAG0170.JPG,bird,4,Chordata,aves,,,,,0.6781,"[0.0197, 0.038, 0.9803, 0.9494]"
crop_96_IMAG1418.JPG,bird,4,Chordata,aves,,,,,0.7024,"[0.0431, 0.01, 0.931, 0.94]"
crop_972_IMAG2029.JPG,no cv result,39,Chordata,no cv result,no cv result,no cv result,no cv result,no cv result,0.225,"[0.0, 0.0, 1.0, 1.0]"
crop_974_IMAG0158.JPG,mammal,38,Chordata,mammalia,,,,,0.6936,"[0.0, 0.2148, 0.9918, 0.7368]"
crop_975_IMAG1534.JPG,bird,4,Chordata,aves,,,,,0.6523,"[0.0, 0.0222, 0.9695, 0.9556]"
crop_977_IMAG1911.JPG,animal,2,Chordata,,,,,,0.7194,"[0.044, 0.0064, 0.956, 0.9263]"
crop_978_IMAG1911.JPG,bird,4,Chordata,aves,,,,,0.6921,"[0.0, 0.0229, 1.0, 0.9725]"
crop_979_IMAG1911.JPG,animal,2,Chordata,,,,,,0.7584,"[0.0183, 0.0234, 0.9726, 0.9533]"
crop_980_IMAG1911.JPG,animal,2,Chordata,,,,,,0.7823,"[0.0, 0.3171, 0.2627, 0.6768]"
crop_981_IMAG1911.JPG,bird,4,Chordata,aves,,,,,0.7226,"[0.0233, 0.0147, 0.9767, 0.9804]"
crop_982_IMAG1911.JPG,bird,4,Chordata,aves,,,,,0.7668,"[0.3833, 0.0769, 0.6167, 0.9011]"
crop_983_IMAG1939.JPG,artiodactyla order,3,Chordata,mammalia,artiodactyla,,,,0.7482,"[0.0, 0.0007, 1.0, 0.9973]"
crop_985_IMAG2203.JPG,bovidae family,9,Chordata,mammalia,artiodactyla,bovidae,,,0.9808,"[0.0397, 0.2129, 0.9574, 0.749]"
crop_986_IMAG1722.JPG,animal,2,Chordata,,,,,,0.6968,"[0.0133, 0.0392, 0.9644, 0.9265]"
crop_987_IMAG1722.JPG,bird,4,Chordata,aves,,,,,0.685,"[0.0446, 0.0896, 0.9554, 0.8657]"
crop_988_IMAG1722.JPG,no cv result,39,Chordata,no cv result,no cv result,no cv result,no cv result,no cv result,0.8534,"[0.1127, 0.1071, 0.8169, 0.8214]"
crop_98_IMAG0048.JPG,bird,4,Chordata,aves,,,,,0.7541,"[0.1276, 0.0, 0.8724, 1.0]"
crop_990_IMAG1871.JPG,bird,4,Chordata,aves,,,,,0.6848,"[0.0, 0.0, 0.9983, 0.9686]"
crop_993_IMAG1859.JPG,bird,4,Chordata,aves,,,,,0.7459,"[0.122, 0.1415, 0.7805, 0.7264]"
crop_994_IMAG1859.JPG,animal,2,Chordata,,,,,,0.7684,"[0.0092, 0.0506, 0.9174, 0.8608]"
crop_995_IMAG1859.JPG,no cv result,39,Chordata,no cv result,no cv result,no cv result,no cv result,no cv result,0.2782,"[0.0, 0.0078, 0.7209, 0.9302]"
crop_998_IMAG2405.JPG,rheidae family,46,Chordata,aves,struthioniformes,rheidae,,,0.6686,"[0.0495, 0.0059, 0.9505, 0.9941]"
crop_99_IMAG1356.JPG,bird,4,Chordata,aves,,,,,0.6984,"[0.2521, 0.1164, 0.5812, 0.8783]"
